1000
14.85963264
0.0067405
7168
9875.203555328
1509.94944
0.00179248
5400
2239.758336
74.8075
4294.967296
14.23104
6146.56
1407.6084224
3.931635712
1.02764
1106.5
7438.4765625
125.6
0.00010008
6039.79776
4294.967296
5616.173056
1.5714304
6107.57771264
9600
1835.008
1892.417536
6400
671.08864
0.0661375
6523.4375
0.88832
66.1796875
0.4315136
1313.66912
6291.456
0.005045504
5120
0.10284
464.03584
1660.15625
9.381e-005
1077.6
6261.9648
38.504
8423.828125
5087.890625
0.00994375
4096
1947.648
7387.34374912
6250
0.21408
0.00119168
10000
1113.64
6979.321856
6912
45.174784
433.1008
4294.967296
1279.232
4613.7344
3515.625
0.856672
0.09510912
2318.08
8908.8
5120
0.36512
259.15625
2026.6876928
3200
5120
241.664
0.3826176
7277.34375
0.002307072
2519.62890625
256
748.2638336
0.101945344
855.6
2212.5
4259.84
3973.12
6296.69888
3000
4429.185024
221.184
0.152576
3.125805056
671.08864
8954.83904
16.463691776
0.836173824
9600
3458.125
0.001910784
5120
640
6400
54.8925
6445.3125
741.40625
8000
285.2352
34.12066304
87.81824
4.9035264
5066.719232
5798.62528
42.448
9802.9568
8053.06368
267.5712
0.00054446
2807.6171875
0.411968
2.78216704
5000
9306.640625
5242.88
23.789568
9494.4
8000
5834.752
1332
0.0008968
10000
8192
7340.032
9400
2811.75
106.103515625
9934.259355648
8637.6448
8192
0.00465525
6370.0992
62.511906816
64.007176192
8000
6144
641.9921875
9875
8388.608
6710.8864
220.3
524.288
5634.375
0.0695875
327.68
7952.1484375
1280
466.812928
4480
5812.8
7652.9664
1646.85152256
0.00148256
0.00960832
9824
4010.8032
7750
0.10837504
0.0052616
0.101952
1.2279808
1625.645121536
231.92403968
5.95625
5338.5101312
0.1684125
0.9789375
0.1246875
3595
0.7396
10000
5295.3088
7842.610282496
5218.75
8589.934592
1.041e-005
421.142578125
2048
0.00546875
4016
8804.6875
1562.5
4197.376
5242.88
8192
6400
9.248
12.140625
4259.315712
70.4192
0.103324
4896.26271744
2.841856
3894.53125
9375
7704.0975872
29.360128
1.5444375
6.6736e-005
7549.7472
0.000512384
24.452
5.6375
6000
3604.48
3447.96875
1568.079872
0.975744
8160.4378624
2572.288
5242.88
1825.3611008
1547.52
2124.8
3906.25
3073.376256
3763.46509312
456.390606848
1536
6528.35028992
1435.546875
4.164352
7680
800.84992
906.25
8878.08
7324.21875
9030
6442.450944
5282.80977408
4545
3276.8
0.04
0.4133888
880.48
41.93792
0.86648
32.63430656
5079.04
0.17672192
6.82e-005
163.95
4096
9830.4
1514.64706048
7812.5
6400
1921.875
5368.70912
0.0750464
2576.9803776
10.3625
7677.2540416
5859.375
5806.795784192
270
3779.57122048
8192
0.13840896
7215.75
2734.375
127.23421184
0.000979616
3906.25
3637.248
7700.48
130.6198016
1350.8608
2566.4
4980.736
480.83501056
0.4512
7773.89080576
2621.44
6079.1015625
3276.8
153.116672
7168
8131.58105088
8972.16796875
1208.984375
28.185
466.8125
0.009783
21.858615296
0.000136352
97.4
0.025205
1259.3152
5078.125
48.444
6984.375
6720
170.573824
8858.370048
1931.76
5859.375
8886.71875
0.0640736
5.9244544
8658.654068736
0.1871375
0.15120384
5.6762e-005
9227.4688
215.9616
0.3107
6347.65625
2133.92
0.00377664
5368.70912
6250
0.010995
4687.5
313.114624
1953.125
3750
5977.6
4509.7156608
3.7609472
1250
1572.864
9536
5713.92
8704
3737
5888.802816
4125.9765625
14.962688
287.628591104
9375
3190.72265625
2457.6
8593.75
268.230656
4294.967296
5.126488064
2967.47008
3932.16
2.45184
1.299375
2.7096875
83.82840832
10000
1.85393152
6912
9746.09375
0.000959125
2132.3841536
54.525952
1101.1096576
0.0003868
1.6623616
0.1563648
7539.26144
2594.64
6710.8864
0.27808
4780.298600448
8056.284905472
324.425
246.31
7351.5625
0.16544
6144
6940.2624
5314.5
7640.625
2160
1171.875
1984.512
8178.8928
0.0056428
5000
7235.1744
9089.84375
3355.4432
9636.41344
8000
5792.83714048
4026.53184
625
1586.3808
397.28447488
0.00392752
6553.6
4437.5
5083.392
1420.32896
5242.88
6183.59375
3919.1576576
4.2745856
6710.8864
0.0032725
4167.4604544
0.006914
1.6996e-005
3750
27.01171875
2125
2227.2
7680
5.9475e-005
0.0023992
6012.9542144
0.15675
6784
0.1390592
7812.5
1870
2031.616
3215.36
3072
0.000331008
7500.8
1024
6068
3932.16
9600
610.3515625
1770.7008
0.09984375
9562.5
9984
8253
0.00019335
6554.0625
8110.08
3.2909375
5600
596.64
0.641990656
4781.50656
4695
0.268435456
4831.838208
5664.0625
1953.125
9448.9280512
3.715e-005
0.08290304
37.52192
6710.8864
1372.32384
4316.8
452.7872
2500
114.097651712
0.019605
252.71875
1597
8960
3955
0.19336
4194.304
0.010146
1363.1488
6250
6.693584896
5585.9375
445.6448
0.0296048
4750
426.275504128
2088.46848
8095.00672
5000
1666.8
4194.304
3.35046875
813.7474048
8915
8217.690112
0.06633472
64.1040384
332.136448
26.458
6671.5648
306.54464
156.25
257.14229248
1.7275625
1.251213312
0.02318125
4800
0.00116
337.78
2786.36003328
493.4656
6481.25
3570.1915648
1.93757184
5120
303.939584
4518.305595392
2516.5824
4712.300544
5368.70912
39.476789248
2.012e-006
4546.56
8388.608
4250
3313.567268864
5897.5
0.177782784
12.49902592
9600
2046.875
4.7900672
0.1834816
4387.5
0.06291456
8800
31.04
9437.184
0.0149765
1807.07393536
0.00326656
2177.01154816
950.59968
5000
5687.5
105.52
9093.12
0.0130325
3735
2581.25
2285.568
7.1696384
8330
1536
9596
8697.3087744
5629.5948288
3.140608
29.52790016
0.0068195
5596.54371328
188.74368
0.3429888
173.34
0.78768
4194.304
0.00413616
2823.5
8.2485e-005
8362.301325312
0.0817344
7969.7265625
625
0.01272576
7812.5
897.91660032
8736
3496.103378944
136.40625
9.3077504
4.00304
544.3
0.09691648
7381.97504
1100
3.193984
7885.29152
1433.59375
8000
8267.8120448
5120
0.0001159
2489.75
8237.056
0.019976
0.07205
6262.5
399.4624
0.002494375
2857.03125
1540.096
0.00131544
131.40230144
8598.3232
880.80384
3200
5257.8125
19.26375
805.306368
1.069056
109.4656
3187.402604544
2000
1.936125
4684.375
8192
5.83296
6976
327.61
6.8747264
0.01122368
0.00031693
8000
4780.8512
1394.60608
7.69024
0.240376
0.00033714
538.144
9957.277696
0.000137728
0.171065344
5550.390625
3.6545
819.2
3272
7268.728832
9681.92
1.803419648
0.049446912
197.675
29.85
6090.625
8859.375
865.84375
5500
0.000832448
0.468496
0.1792064
15.269888
6006.3744
8589.934592
6000
3662.109375
1364.197376
4718.592
5962.890625
10000
12.990625
1953.125
1.912
569.769984
0.38928384
5242.88
7812.5
1127.4289152
44.293947392
743.75
1169.16224
8290
2560
220.325
8192
0.0423936
3690.98752
20.431875
54.72
854.4921875
8589.934592
0.620068864
4026.53184
4.27109375
2560
1181.1160064
256
9883.648
5368.70912
3355.4432
0.388366336
9340.5184
17.6128
62.76
7168
1.6004375
78
97.46944
5859.375
9830.4
0.095465625
620.18
89.375
4.13
4294.967296
8.2604e-005
0.000114208
7.4755
1.064828928
4882.8125
3823.5275264
3200
2791.8336
0.4179
8912.896
1.57525
8789.0625
7413.76
8050.537109375
652.45184
0.41074688
64.6944
4587.52
2.16072192
396.525568
4384
5242.88
1.01096
0.0475875
197.0176
3932.16
8000
6442.450944
103.440384
4608
0.9572352
3.1231
2884.632576
6206.22774272
47.2907776
8388.608
8808.0384
0.247611392
1165.7728
2684.35456
50
0.063072256
4508.37348352
2446.196736
6958.0078125
7387.880620032
5.2232192
3687.5
11.118592
7600
8938.9006848
2480.930816
6276.775936
0.0002424
53.15231744
3031.52
917.7137152
2118.06640625
5910.528
27.40608
0.1462
3126.736191488
4780
96.1536
8481.6
126.2485504
5242.88
8750
5416
41.8025
385.712128
0.00139968
1884.16
38.986
84.0256
4404.0192
277.3248
5118.408203125
2.90717696
5842.4
6522.9815808
585.9375
0.0016404
1161.54368
2900
3978.0352
5.5808
0.05093376
5000
388.5
61.2734375
7940
2.8405e-005
5368.70912
5242.88
0.001512576
0.095744
8430.1316096
6400
6860
0.027634688
8858.370048
9077.5
3690.98752
6400
3046.7424256
872.415232
4525.8637312
0.003292
3500.5661184
565.82
3320
0.3621875
6553.6
7.1008
0.127052
0.1569792
4026.53184
4.9924e-005
8000
9.1316224
0.000778325
1630
5620
475.529216
774.9609375
0.00352608
0.0405376
5651.82464
23.4496
0.00035712
408.558764032
7481.833029632
100.352
171.64375
7025.4592
49.727668224
9600
14.33728
3406.25
5.248
1542.592
1769.472
4076.3392
3788.8
141.19140625
5838.08
1670.742278144
4932.501504
8384
0.233144
8774.375
3932.16
5188.75
253.67552
4.93617152
4529.0625
2481.3568
0.5347
83.7376
0.002536
218.9950976
0.00016064
0.02617728
936.46848
3.082551296
9437.184
8912.896
672.43081728
462
3.5766272
2405.18168576
7812.5
6602.752
9560
4294.967296
4.07075
2.1724e-005
9765.625
645.4
8640
0.00731648
1094.679789568
5838.471168
9116
0.00442624
12.4890625
4073.5080448
3906.25
8589.934592
2684.35456
6122
358.144
0.003939875
5898.24
2245.632
4687.5
31.5984
1240.8
2526.72
522.8199936
2405.18168576
3710.9375
195.3125
9230
1948.17032192
6107.9552
1.10372
0.2032875
0.24768
1690.234375
0.00096488
1536
5600
248.2944
265.36
2621.44
2880
1237.632
9462.349824
7992.934137856
0.00036288
0.02313472
6.7076096
1011.71875
42.0020224
0.02148625
3.346530304
973.3931008
3100.5859375
8388.608
1634.765625
8496
79.62624
805.76512
4026.53184
193.18359375
358.4
4.27136
196.77734375
0.761728
100.675
1953.125
0.10919936
9902.34375
1138.229248
653.7109375
1890.625
2401.4
2484.375
70.09765625
3.78368
5.723652096
9843.75
20.9944576
6429.566042112
3276.8
2684.35456
53.3828125
7179.6875
843.776
22.777856
18.81014272
8000
3.57472
3003.255881728
894.56115712
0.737125
12.0216
0.66875
0.917
0.007464448
5079.04
2048
3828.125
1476.395008
7612.82953216
1344
6.4768
7184
4000
8000
0.06193
14.39694848
0.072448
4980.46875
0.4511744
0.659259392
7734.375
0.9500672
39.014
6553.6
3906.25
6171.875
1085.184
279.92064
510.132224
310.31
0.198925
0.0518272
6400
4409.0523648
0.00533475
1.88234375
7340.032
1030
6872
2791.7287424
1889.78561024
6700.14898176
