1000
1343.5
8724.1
1146.8
0.1
9523.1
6553.6
1.2
7680
4.8
6710.8
7759.4
3.3
9344
8000
82.9
57.6
5505
12.9
3250
4294.9
189.4
8629.1
1.9
2355.2
8000
2880
3249.9
5120
4519.6
20.9
26.9
7353.1
0.1
3200
5811.8
41.3
4881.7
5.3
5570.5
2.8
3750
7730.9
0.1
7200
8347.2
2764.8
6291.4
673.8
0.7
2065.7
3276.8
671
8.6
825.7
6684
6530
1115.3
0.3
6710.8
0.1
817.7
0.3
3539
3306.8
8.5
0.1
1610.6
1677.7
32.9
4547.1
1227.9
9814
9653.6
389.7
4563.4
7424
26.1
7577.6
6924.5
2400
15.4
83.7
3.6
4292.6
6291.4
2014.1
330.4
5242.8
8.4
2608.3
8
6141.8
10000
5557.4
8455.7
7751
1073.7
39.9
9375
6811.5
3600
1.7
6553.6
306.6
9765.6
1024
312.5
6250
2418.2
7864.3
3.6
3150.7
6250
5368.7
7678.7
8504
5912.5
4294.9
4548.8
1792.8
7031.2
7.9
1015.6
3201.9
2883.5
0.1
3456.1
0.3
128.1
6325
5859.3
12.7
9832.7
9856
6553.6
7846.3
7902.7
2560
0.9
9621.5
5000
1623.2
2299
8185
289.3
0.6
6700
8589.9
6553.6
4569.8
2048
6291.4
26
4394.5
838.8
2592.7
1.5
296
3108.8
188.9
0.2
993
6379.5
6660.1
0.4
6562.5
2048
5.9
6
8750
8192
1898.7
37.9
5040.5
66.7
8167.5
4480
7880
4195.9
854.7
9600
4321.8
3
313.3
9.7
6950
27.2
3369.1
2875
1900
1134.5
3489.6
3840
6415.9
592.7
115.5
12.6
1925.7
5324.8
5468.7
102.6
5119.6
227.2
141.2
45.9
901.1
4915.8
1310.7
9175
4272
5843.7
230.3
1468
9395.2
2952.7
10000
16.4
9586.3
49.6
7043.4
606.5
117.1
3299.3
3014.6
35.9
8031.5
8775
24.9
819.2
1343.7
6041.6
2350.5
474.8
0.1
5734.4
0.2
8478.7
7536.6
4687.5
0.1
2500
8000
1526.7
2
5734.4
4003.5
2
505.8
89.6
8.6
1250
7756.1
58
529.7
1728
0.6
1131.4
1690.8
5120
838.8
3200
6515.2
131
10000
6.7
35.8
2736.2
5065.9
5033.1
19
42.5
1552.1
293.7
7381.9
0.5
6.2
0.3
4.5
1953.1
0.2
118.1
4083.5
7187.5
6710.8
4993.8
1.4
137.6
319.7
2597.1
1088
6918.1
3600
8984.3
0.5
5160.9
103.6
20.6
6710.8
6714.6
0.1
0.3
4640
6837.5
1007.7
9775
2254.4
5351.2
3276.8
8589.9
30.5
1557.3
522
5411.6
331.1
10000
13.6
5.1
3125
9968.7
9152
6710.8
0.7
266.4
27.2
2.3
4482.4
4272.3
3040.8
14.6
5727.2
82.8
9420.8
3665.9
8750
77.3
282.4
8388.6
1168.7
4
1180.2
13.4
0.3
8371.8
2985.8
6250
521
3710.9
8846.2
5013.5
2684.3
3
32
2064
7340
7971.4
2694.9
597.2
1202.5
8000
3840
11.3
1024
7100
730.5
5017.9
4711
2584.8
421.8
1920
0.3
618.6
8053
3276.8
4384.3
3089.9
4294.9
5669.3
4882.8
6553.6
10000
41.2
1953.1
314.1
11.4
8364.8
1.2
2008.6
10000
2343.7
11
1536
3878.4
312.5
9600
9375
746.3
25.1
2684.3
0.5
3870.8
6871.9
9700
8500
0.2
600.3
3008.4
4000
17.9
30.3
2426.6
8827.6
1520
2734.3
1.9
1011.5
672.5
18.8
104.5
6710.8
6400
4793.1
2560
5014.6
8473.6
3822
3355.4
2323
4275.7
1437.5
1378
6553.6
6098.8
3833.8
6763.3
26.5
0.8
18
1468
7780
9765.6
79.8
4915.8
3845.6
8109.3
5536.4
252.9
4194.3
443.3
7.4
0.1
1
18
5750
18
9.4
1.8
6250
1.3
548.9
0.4
1023
6871.9
2500
5933.5
2441.4
308.3
8192
2882.9
8388.6
8108.8
7864.3
49.7
0.7
9.4
40.1
7344.6
1224.6
7536.6
9987
1953.1
3.1
4026.5
105.6
9646.8
921.6
1562.5
7624
495.9
5577.1
4808.2
5505.4
0.2
0.2
125.2
9779.2
3911.7
47.4
5.1
542.1
4294.9
9651.2
5859.3
128
3125
7500
4224
2.6
161.2
9603.2
9830.4
9650.1
8388.6
4.6
3594.8
7225.3
11.2
8388.6
4221.1
636.7
8589.9
4294.9
0.1
5242.8
8053
3325.7
3750
2749
6681.5
9006
1583.7
9604.9
4194.3
9308.1
36.5
8.2
10000
8074.2
5000
4805.2
5368.7
234.4
0.1
14.7
7000
4744.5
1744
0.6
5200
7372.8
1744.8
918.4
2418.6
7.6
9877.5
7051
56.3
675
3320.8
7714.8
6400
596
0.3
4394.5
7864.3
14
1039.4
8192
6.9
0.1
4613.7
3171.8
0.5
2929.6
3.1
601.9
5.1
8203.1
5529.6
3355.4
1281.7
162.8
1735
9000
115.3
7760
234.8
4194.3
2187.5
117.9
1.2
4703.9
0.1
3336.8
547.2
9751.7
7568.3
37.5
7042.2
2981.7
5659.3
39.8
3449.8
4400
5080
132.1
1255.6
2014.3
4096
0.4
74.7
2123.3
588.8
15.8
31.9
87.8
16.6
0.6
4096
4194.3
2097.1
4644.7
76.6
1161.4
1456.4
30.3
1252.6
6103.5
2669.2
28.5
2231.5
3194.8
9179.6
277.5
3973.1
0.9
0.1
4194.3
6250
1621
5365.7
4087.8
1525.8
0.2
5033.1
5920
205.5
457.5
1.2
549.8
118.1
4400
2560
1256.2
3840
2768
8683.5
687.1
9126.8
19.6
657.1
3840
75
1.8
554.5
0.5
5212.5
6333
7859.7
800
7581.2
4756.2
7680
39.6
1562.5
2175
3826.8
781.2
3288.3
7168
8800
2523.1
7879.9
3145.7
4532.3
6291.4
9062.4
5436
4992.8
288.3
0.3
17.4
804
5000
4000
316.6
4240.7
291.6
6420.9
169.4
1
52.4
6400
9395.2
7864.3
1288.4
9011.2
8388.6
8192
2307.8
2796.4
4687.5
324
6828.8
9825
47.3
5637.1
1601.1
7421.7
1.2
29.6
0.2
0.1
6000
3250.5
3604.4
1797.9
9.9
0.3
4400
3.4
7864.3
9698.4
0.1
344
8053
7812.5
8589.9
6150
88.2
4679.8
9824.7
0.4
0.1
7680
2066.9
8589.9
6976.5
5120
0.1
2900
7560
0.1
1050
8589.9
42.3
83.3
5
214.8
9600
0.7
9461.7
8630.1
71.1
9059.6
6553.6
8990.7
3000
17.3
3425.2
4259.8
6084.8
0.1
69.5
0.6
87.3
704.3
5090.6
3595.9
5346.6
244.3
7424
9953.9
285.1
162.4
2621.4
51.3
8800
3168
2367.1
55.1
9717.7
925.5
8.5
4194.3
2035.7
503.3
6553.6
1386.7
2200
9600
5261.3
219
2190.4
1397.2
6055
8000
3474.2
1677.7
138.4
6176.1
8.3
57.5
1035.6
7572
3200
5852
0.7
9405.7
1425.7
2097.1
0.2
9787
6000
1
3751.9
1923.8
6113.2
124
2254.8
277.3
6130.1
503.3
4755.2
1024
6268.6
25.3
7500
751.9
5120
5980.1
0.4
4194.3
6274.4
57.9
7340
5242.8
9600
37.6
99.8
4041.5
418.5
7782.4
9765.6
25.6
3.7
778.1
7
0.5
10000
1144.3
7200
9600
30.9
1
8320
6600
4600
5000
6225.9
66.8
4073.2
28.7
12.1
70.1
18.9
8.1
4.1
2075.1
0.2
0.1
8476.6
0.9
3440
0.2
8704
0.3
5000
8053
8388.6
1.3
4096
799.9
6657.1
77.7
4568
9981.2
8
2147.4
690.1
6239
8983.3
3840
4000
123.2
7372.8
8515.3
0.5
11.8
10000
0.5
6805
7993.7
8074.5
1.5
23.8
4800
4299.1
201.5
8192
230.3
2695.3
7890.6
625
6881.2
9.9
7178.1
13.6
721.4
7247.7
5182.8
3670
0.9
6400
0.6
3112.9
1580.5
8
2630.8
9664
6420.4
851.9
3516.1
9375
77.3
18
8192
4175
6400
816.9
2936
0.8
5242.8
5819.5
1972
6331.3
0.3
1743.4
1909.5
5242.8
8665.9
2908.7
1.3
2560
1500.5
6382.3
8053
177.8
6007.8
6.9
2560
3543.3
8954.4
131.4
109.3
1562.5
7130.3
1513.4
158.7
7012.3
4619
1023.4
7812.5
8228
0.2
40.2
0.1
675.8
9175
6638.5
3.8
5120
5000
927.2
288.5
0.4
27.5
0.7
8159.2
8192
2
