1450
1 2
2 3
1 4
1 5
3 6
6 7
4 8
8 9
9 10
10 11
8 12
7 13
10 14
1 15
15 16
12 17
7 18
18 19
15 20
5 21
8 22
11 23
22 24
9 25
4 26
23 27
21 28
10 29
25 30
26 31
21 32
21 33
20 34
15 35
1 36
13 37
8 38
32 39
37 40
20 41
31 42
15 43
42 44
29 45
11 46
17 47
25 48
21 49
9 50
35 51
12 52
15 53
18 54
12 55
43 56
8 57
48 58
54 59
50 60
19 61
30 62
2 63
49 64
44 65
25 66
44 67
39 68
51 69
42 70
42 71
31 72
62 73
58 74
45 75
17 76
15 77
58 78
15 79
29 80
60 81
26 82
54 83
51 84
33 85
80 86
54 87
26 88
16 89
35 90
39 91
90 92
28 93
27 94
50 95
62 96
17 97
91 98
38 99
79 100
44 101
47 102
74 103
28 104
27 105
102 106
71 107
86 108
12 109
8 110
104 111
41 112
79 113
103 114
78 115
61 116
89 117
82 118
4 119
43 120
20 121
25 122
64 123
68 124
51 125
74 126
77 127
29 128
9 129
50 130
23 131
30 132
26 133
76 134
134 135
39 136
79 137
70 138
38 139
76 140
88 141
138 142
59 143
46 144
53 145
68 146
124 147
132 148
148 149
93 150
73 151
76 152
28 153
24 154
72 155
97 156
63 157
55 158
132 159
155 160
105 161
129 162
21 163
49 164
126 165
131 166
73 167
111 168
49 169
47 170
33 171
51 172
113 173
117 174
58 175
137 176
81 177
102 178
38 179
51 180
70 181
45 182
68 183
157 184
65 185
40 186
119 187
121 188
151 189
94 190
138 191
25 192
114 193
53 194
122 195
175 196
78 197
147 198
10 199
108 200
198 201
190 202
21 203
172 204
54 205
23 206
189 207
154 208
60 209
144 210
170 211
69 212
151 213
176 214
157 215
150 216
174 217
146 218
40 219
215 220
144 221
27 222
74 223
173 224
34 225
139 226
215 227
80 228
22 229
148 230
36 231
27 232
43 233
161 234
184 235
85 236
186 237
85 238
212 239
173 240
94 241
95 242
73 243
183 244
18 245
135 246
167 247
234 248
141 249
91 250
34 251
210 252
145 253
193 254
249 255
4 256
128 257
246 258
145 259
177 260
27 261
240 262
88 263
246 264
45 265
166 266
58 267
10 268
17 269
78 270
37 271
247 272
163 273
72 274
40 275
78 276
76 277
29 278
262 279
205 280
255 281
194 282
154 283
24 284
48 285
278 286
268 287
115 288
11 289
250 290
63 291
190 292
6 293
204 294
111 295
173 296
135 297
219 298
287 299
10 300
247 301
54 302
186 303
198 304
26 305
64 306
106 307
184 308
185 309
91 310
239 311
127 312
294 313
303 314
267 315
128 316
303 317
210 318
142 319
76 320
47 321
51 322
321 323
44 324
3 325
29 326
99 327
3 328
252 329
93 330
251 331
239 332
290 333
312 334
144 335
169 336
24 337
26 338
6 339
178 340
47 341
32 342
317 343
229 344
18 345
247 346
253 347
3 348
103 349
199 350
183 351
331 352
232 353
199 354
252 355
311 356
303 357
273 358
10 359
264 360
93 361
232 362
83 363
222 364
299 365
231 366
242 367
104 368
84 369
239 370
357 371
334 372
362 373
54 374
263 375
134 376
333 377
178 378
236 379
8 380
368 381
255 382
269 383
287 384
127 385
289 386
80 387
4 388
131 389
157 390
376 391
68 392
140 393
175 394
15 395
4 396
54 397
251 398
335 399
227 400
323 401
161 402
38 403
134 404
349 405
89 406
364 407
86 408
347 409
322 410
194 411
87 412
136 413
269 414
364 415
346 416
326 417
352 418
406 419
173 420
332 421
292 422
107 423
407 424
394 425
305 426
59 427
22 428
328 429
417 430
205 431
230 432
87 433
246 434
116 435
36 436
182 437
217 438
345 439
377 440
262 441
145 442
311 443
149 444
387 445
283 446
71 447
61 448
262 449
238 450
215 451
102 452
409 453
79 454
131 455
136 456
363 457
236 458
387 459
292 460
400 461
60 462
187 463
72 464
171 465
259 466
199 467
366 468
106 469
161 470
280 471
19 472
385 473
171 474
474 475
283 476
100 477
262 478
455 479
221 480
466 481
212 482
188 483
135 484
21 485
149 486
14 487
318 488
351 489
260 490
381 491
65 492
18 493
486 494
403 495
465 496
444 497
222 498
3 499
287 500
3 501
137 502
168 503
70 504
330 505
66 506
174 507
214 508
462 509
322 510
85 511
191 512
272 513
504 514
30 515
151 516
478 517
421 518
241 519
377 520
41 521
108 522
287 523
245 524
477 525
366 526
201 527
300 528
58 529
168 530
25 531
375 532
457 533
212 534
348 535
441 536
362 537
210 538
62 539
6 540
506 541
189 542
442 543
176 544
207 545
500 546
207 547
247 548
424 549
401 550
421 551
445 552
470 553
495 554
270 555
547 556
480 557
260 558
168 559
450 560
201 561
189 562
355 563
283 564
522 565
467 566
424 567
121 568
558 569
272 570
179 571
271 572
570 573
433 574
76 575
141 576
460 577
262 578
276 579
94 580
222 581
462 582
192 583
497 584
492 585
34 586
331 587
467 588
527 589
107 590
128 591
287 592
581 593
361 594
443 595
423 596
278 597
129 598
220 599
580 600
264 601
463 602
377 603
434 604
317 605
281 606
528 607
6 608
251 609
484 610
436 611
403 612
144 613
70 614
534 615
326 616
294 617
233 618
335 619
19 620
81 621
620 622
617 623
475 624
586 625
467 626
260 627
164 628
365 629
494 630
276 631
500 632
432 633
545 634
575 635
142 636
513 637
110 638
319 639
261 640
158 641
45 642
73 643
569 644
381 645
482 646
273 647
481 648
412 649
86 650
607 651
640 652
12 653
503 654
194 655
265 656
361 657
3 658
583 659
534 660
206 661
494 662
498 663
454 664
612 665
594 666
284 667
41 668
388 669
171 670
589 671
362 672
552 673
137 674
148 675
659 676
269 677
537 678
287 679
292 680
484 681
340 682
505 683
85 684
116 685
215 686
514 687
320 688
22 689
201 690
680 691
425 692
44 693
184 694
194 695
681 696
179 697
294 698
390 699
33 700
93 701
289 702
626 703
606 704
109 705
298 706
425 707
46 708
169 709
491 710
615 711
691 712
177 713
283 714
251 715
341 716
11 717
533 718
220 719
666 720
129 721
704 722
335 723
468 724
50 725
211 726
639 727
110 728
158 729
455 730
455 731
208 732
33 733
209 734
509 735
149 736
19 737
483 738
341 739
434 740
17 741
401 742
144 743
549 744
656 745
617 746
713 747
484 748
132 749
162 750
700 751
136 752
8 753
416 754
359 755
749 756
504 757
186 758
441 759
63 760
628 761
496 762
77 763
102 764
748 765
117 766
667 767
64 768
72 769
119 770
688 771
408 772
454 773
66 774
773 775
161 776
538 777
282 778
262 779
303 780
570 781
451 782
620 783
362 784
123 785
397 786
636 787
31 788
234 789
6 790
389 791
403 792
748 793
594 794
449 795
494 796
514 797
182 798
792 799
614 800
230 801
193 802
41 803
561 804
801 805
487 806
591 807
195 808
108 809
545 810
640 811
742 812
624 813
502 814
439 815
198 816
371 817
401 818
45 819
185 820
396 821
369 822
517 823
651 824
764 825
517 826
288 827
148 828
133 829
715 830
585 831
318 832
225 833
796 834
81 835
521 836
452 837
162 838
185 839
553 840
667 841
287 842
200 843
800 844
811 845
5 846
538 847
709 848
261 849
826 850
584 851
417 852
437 853
429 854
624 855
196 856
729 857
772 858
662 859
159 860
728 861
422 862
482 863
672 864
195 865
747 866
55 867
255 868
179 869
59 870
79 871
751 872
508 873
689 874
94 875
701 876
73 877
756 878
147 879
275 880
200 881
858 882
220 883
681 884
155 885
777 886
714 887
171 888
820 889
384 890
165 891
28 892
376 893
652 894
357 895
702 896
477 897
129 898
243 899
178 900
627 901
896 902
140 903
622 904
625 905
44 906
17 907
288 908
464 909
430 910
423 911
715 912
425 913
246 914
614 915
478 916
196 917
651 918
487 919
558 920
209 921
192 922
58 923
835 924
387 925
483 926
141 927
715 928
23 929
400 930
666 931
99 932
336 933
744 934
30 935
430 936
331 937
901 938
759 939
604 940
543 941
399 942
64 943
417 944
445 945
44 946
386 947
125 948
906 949
544 950
896 951
115 952
464 953
96 954
330 955
85 956
786 957
927 958
771 959
409 960
100 961
505 962
482 963
887 964
412 965
110 966
52 967
274 968
713 969
600 970
966 971
928 972
553 973
661 974
452 975
87 976
569 977
269 978
269 979
526 980
682 981
952 982
686 983
549 984
662 985
587 986
256 987
438 988
584 989
289 990
698 991
519 992
966 993
797 994
111 995
447 996
427 997
878 998
362 999
237 1000
589 1001
536 1002
448 1003
530 1004
959 1005
933 1006
771 1007
11 1008
552 1009
175 1010
5 1011
751 1012
897 1013
443 1014
41 1015
726 1016
908 1017
596 1018
647 1019
918 1020
75 1021
517 1022
868 1023
581 1024
329 1025
974 1026
495 1027
544 1028
842 1029
89 1030
313 1031
510 1032
211 1033
1004 1034
329 1035
948 1036
933 1037
1034 1038
249 1039
340 1040
416 1041
45 1042
43 1043
993 1044
684 1045
789 1046
183 1047
183 1048
273 1049
573 1050
1028 1051
465 1052
451 1053
66 1054
200 1055
834 1056
949 1057
1018 1058
129 1059
42 1060
449 1061
362 1062
586 1063
269 1064
169 1065
394 1066
708 1067
1046 1068
631 1069
902 1070
497 1071
963 1072
508 1073
81 1074
467 1075
777 1076
381 1077
356 1078
592 1079
741 1080
1035 1081
276 1082
125 1083
880 1084
938 1085
91 1086
839 1087
620 1088
436 1089
403 1090
817 1091
15 1092
1081 1093
406 1094
211 1095
888 1096
1091 1097
75 1098
52 1099
697 1100
300 1101
637 1102
782 1103
137 1104
1053 1105
744 1106
240 1107
207 1108
547 1109
664 1110
480 1111
185 1112
496 1113
722 1114
361 1115
86 1116
389 1117
1021 1118
185 1119
675 1120
104 1121
95 1122
737 1123
16 1124
17 1125
330 1126
496 1127
306 1128
318 1129
737 1130
529 1131
525 1132
1124 1133
547 1134
166 1135
626 1136
86 1137
408 1138
336 1139
471 1140
631 1141
589 1142
1010 1143
964 1144
483 1145
832 1146
49 1147
830 1148
1054 1149
471 1150
443 1151
588 1152
751 1153
707 1154
679 1155
689 1156
1096 1157
1058 1158
110 1159
267 1160
954 1161
976 1162
225 1163
12 1164
1148 1165
765 1166
635 1167
957 1168
62 1169
951 1170
10 1171
865 1172
114 1173
1075 1174
1083 1175
858 1176
417 1177
78 1178
872 1179
895 1180
127 1181
387 1182
5 1183
1053 1184
402 1185
758 1186
539 1187
458 1188
1008 1189
81 1190
365 1191
342 1192
1176 1193
219 1194
80 1195
1054 1196
486 1197
1193 1198
537 1199
984 1200
752 1201
3 1202
143 1203
88 1204
556 1205
6 1206
188 1207
32 1208
697 1209
747 1210
323 1211
818 1212
809 1213
867 1214
938 1215
1207 1216
784 1217
1210 1218
911 1219
1046 1220
88 1221
1212 1222
395 1223
812 1224
886 1225
99 1226
918 1227
9 1228
960 1229
860 1230
645 1231
417 1232
828 1233
489 1234
994 1235
1100 1236
597 1237
1068 1238
168 1239
961 1240
430 1241
24 1242
746 1243
796 1244
833 1245
281 1246
334 1247
713 1248
101 1249
891 1250
723 1251
321 1252
999 1253
68 1254
255 1255
675 1256
539 1257
395 1258
971 1259
1037 1260
599 1261
559 1262
718 1263
638 1264
692 1265
137 1266
352 1267
963 1268
1209 1269
94 1270
1047 1271
607 1272
97 1273
911 1274
633 1275
1207 1276
378 1277
998 1278
1200 1279
980 1280
952 1281
1128 1282
548 1283
339 1284
1044 1285
1246 1286
412 1287
249 1288
922 1289
553 1290
913 1291
1223 1292
987 1293
684 1294
254 1295
336 1296
102 1297
48 1298
41 1299
693 1300
1051 1301
711 1302
923 1303
971 1304
626 1305
518 1306
1136 1307
903 1308
1104 1309
37 1310
1070 1311
710 1312
1201 1313
1098 1314
1193 1315
967 1316
1139 1317
169 1318
115 1319
761 1320
626 1321
972 1322
1008 1323
552 1324
381 1325
56 1326
1047 1327
1296 1328
1247 1329
90 1330
1277 1331
269 1332
6 1333
848 1334
698 1335
1018 1336
715 1337
1252 1338
1297 1339
296 1340
933 1341
186 1342
1108 1343
1161 1344
1164 1345
258 1346
1088 1347
409 1348
1054 1349
1148 1350
497 1351
703 1352
1059 1353
647 1354
500 1355
1134 1356
777 1357
553 1358
919 1359
862 1360
620 1361
682 1362
1296 1363
292 1364
1307 1365
98 1366
398 1367
454 1368
910 1369
20 1370
1368 1371
1360 1372
230 1373
148 1374
758 1375
675 1376
424 1377
1196 1378
762 1379
1049 1380
604 1381
1216 1382
86 1383
1164 1384
158 1385
151 1386
21 1387
1 1388
148 1389
154 1390
1208 1391
561 1392
30 1393
847 1394
418 1395
392 1396
541 1397
1264 1398
1177 1399
1078 1400
714 1401
958 1402
321 1403
860 1404
471 1405
1097 1406
1257 1407
720 1408
1122 1409
1005 1410
504 1411
906 1412
1154 1413
1071 1414
626 1415
522 1416
1108 1417
1356 1418
1339 1419
1188 1420
482 1421
1331 1422
314 1423
634 1424
106 1425
650 1426
307 1427
706 1428
1306 1429
1364 1430
149 1431
781 1432
1378 1433
448 1434
856 1435
310 1436
599 1437
144 1438
377 1439
174 1440
237 1441
1030 1442
1032 1443
869 1444
1123 1445
1105 1446
1395 1447
626 1448
725 1449
5 1450
