2221
1 2
2 3
3 4
4 5
5 6
6 7
7 8
8 9
9 10
10 11
11 12
12 13
13 14
14 15
15 16
16 17
17 18
18 19
19 20
20 21
21 22
22 23
23 24
24 25
25 26
26 27
27 28
28 29
29 30
30 31
31 32
32 33
33 34
34 35
35 36
36 37
37 38
38 39
39 40
40 41
41 42
42 43
43 44
44 45
45 46
46 47
47 48
48 49
49 50
50 51
51 52
52 53
53 54
54 55
55 56
56 57
57 58
58 59
59 60
60 61
61 62
62 63
63 64
64 65
65 66
66 67
67 68
68 69
69 70
70 71
71 72
72 73
73 74
74 75
75 76
76 77
77 78
78 79
79 80
80 81
81 82
82 83
83 84
84 85
85 86
86 87
87 88
88 89
89 90
90 91
91 92
92 93
93 94
94 95
95 96
96 97
97 98
98 99
99 100
100 101
101 102
102 103
103 104
104 105
105 106
106 107
107 108
108 109
109 110
110 111
111 112
112 113
113 114
114 115
115 116
116 117
117 118
118 119
119 120
120 121
121 122
122 123
123 124
124 125
125 126
126 127
127 128
128 129
129 130
130 131
131 132
132 133
133 134
134 135
135 136
136 137
137 138
138 139
139 140
140 141
141 142
142 143
143 144
144 145
145 146
146 147
147 148
148 149
149 150
150 151
151 152
152 153
153 154
154 155
155 156
156 157
157 158
158 159
159 160
160 161
161 162
162 163
163 164
164 165
165 166
166 167
167 168
168 169
169 170
170 171
171 172
172 173
173 174
174 175
175 176
176 177
177 178
178 179
179 180
180 181
181 182
182 183
183 184
184 185
185 186
186 187
187 188
188 189
189 190
190 191
191 192
192 193
193 194
194 195
195 196
196 197
197 198
198 199
199 200
200 201
201 202
202 203
203 204
204 205
205 206
206 207
207 208
208 209
209 210
210 211
211 212
212 213
213 214
214 215
215 216
216 217
217 218
218 219
219 220
220 221
221 222
222 223
223 224
224 225
225 226
226 227
227 228
228 229
229 230
230 231
231 232
232 233
233 234
234 235
235 236
236 237
237 238
238 239
239 240
240 241
241 242
242 243
243 244
244 245
245 246
246 247
247 248
248 249
249 250
250 251
251 252
252 253
253 254
254 255
255 256
256 257
257 258
258 259
259 260
260 261
261 262
262 263
263 264
264 265
265 266
266 267
267 268
268 269
269 270
270 271
271 272
272 273
273 274
274 275
275 276
276 277
277 278
278 279
279 280
280 281
281 282
282 283
283 284
284 285
285 286
286 287
287 288
288 289
289 290
290 291
291 292
292 293
293 294
294 295
295 296
296 297
297 298
298 299
299 300
300 301
301 302
302 303
303 304
304 305
305 306
306 307
307 308
308 309
309 310
310 311
311 312
312 313
313 314
314 315
315 316
316 317
317 318
318 319
319 320
320 321
321 322
322 323
323 324
324 325
325 326
326 327
327 328
328 329
329 330
330 331
331 332
332 333
333 334
334 335
335 336
336 337
337 338
338 339
339 340
340 341
341 342
342 343
343 344
344 345
345 346
346 347
347 348
348 349
349 350
350 351
351 352
352 353
353 354
354 355
355 356
356 357
357 358
358 359
359 360
360 361
361 362
362 363
363 364
364 365
365 366
366 367
367 368
368 369
369 370
370 371
371 372
372 373
373 374
374 375
375 376
376 377
377 378
378 379
379 380
380 381
381 382
382 383
383 384
384 385
385 386
386 387
387 388
388 389
389 390
390 391
391 392
392 393
393 394
394 395
395 396
396 397
397 398
398 399
399 400
400 401
401 402
402 403
403 404
404 405
405 406
406 407
407 408
408 409
409 410
410 411
411 412
412 413
413 414
414 415
415 416
416 417
417 418
418 419
419 420
420 421
421 422
422 423
423 424
424 425
425 426
426 427
427 428
428 429
429 430
430 431
431 432
432 433
433 434
434 435
435 436
436 437
437 438
438 439
439 440
440 441
441 442
442 443
443 444
444 445
445 446
446 447
447 448
448 449
449 450
450 451
451 452
452 453
453 454
454 455
455 456
456 457
457 458
458 459
459 460
460 461
461 462
462 463
463 464
464 465
465 466
466 467
467 468
468 469
469 470
470 471
471 472
472 473
473 474
474 475
475 476
476 477
477 478
478 479
479 480
480 481
481 482
482 483
483 484
484 485
485 486
486 487
487 488
488 489
489 490
490 491
491 492
492 493
493 494
494 495
495 496
496 497
497 498
498 499
499 500
500 501
501 502
502 503
503 504
504 505
505 506
506 507
507 508
508 509
509 510
510 511
511 512
512 513
513 514
514 515
515 516
516 517
517 518
518 519
519 520
520 521
521 522
522 523
523 524
524 525
525 526
526 527
527 528
528 529
529 530
530 531
531 532
532 533
533 534
534 535
535 536
536 537
537 538
538 539
539 540
540 541
541 542
542 543
543 544
544 545
545 546
546 547
547 548
548 549
549 550
550 551
551 552
552 553
553 554
554 555
555 556
556 557
557 558
558 559
559 560
560 561
561 562
562 563
563 564
564 565
565 566
566 567
567 568
568 569
569 570
570 571
571 572
572 573
573 574
574 575
575 576
576 577
577 578
578 579
579 580
580 581
581 582
582 583
583 584
584 585
585 586
586 587
587 588
588 589
589 590
590 591
591 592
592 593
593 594
594 595
595 596
596 597
597 598
598 599
599 600
600 601
601 602
602 603
603 604
604 605
605 606
606 607
607 608
608 609
609 610
610 611
611 612
612 613
613 614
614 615
615 616
616 617
617 618
618 619
619 620
620 621
621 622
622 623
623 624
624 625
625 626
626 627
627 628
628 629
629 630
630 631
631 632
632 633
633 634
634 635
635 636
636 637
637 638
638 639
639 640
640 641
641 642
642 643
643 644
644 645
645 646
646 647
647 648
648 649
649 650
650 651
651 652
652 653
653 654
654 655
655 656
656 657
657 658
658 659
659 660
660 661
661 662
662 663
663 664
664 665
665 666
666 667
667 668
668 669
669 670
670 671
671 672
672 673
673 674
674 675
675 676
676 677
677 678
678 679
679 680
680 681
681 682
682 683
683 684
684 685
685 686
686 687
687 688
688 689
689 690
690 691
691 692
692 693
693 694
694 695
695 696
696 697
697 698
698 699
699 700
700 701
701 702
702 703
703 704
704 705
705 706
706 707
707 708
708 709
709 710
710 711
711 712
712 713
713 714
714 715
715 716
716 717
717 718
718 719
719 720
720 721
721 722
722 723
723 724
724 725
725 726
726 727
727 728
728 729
729 730
730 731
731 732
732 733
733 734
734 735
735 736
736 737
737 738
738 739
739 740
740 741
741 742
742 743
743 744
744 745
745 746
746 747
747 748
748 749
749 750
750 751
751 752
752 753
753 754
754 755
755 756
756 757
757 758
758 759
759 760
760 761
761 762
762 763
763 764
764 765
765 766
766 767
767 768
768 769
769 770
770 771
771 772
772 773
773 774
774 775
775 776
776 777
777 778
778 779
779 780
780 781
781 782
782 783
783 784
784 785
785 786
786 787
787 788
788 789
789 790
790 791
791 792
792 793
793 794
794 795
795 796
796 797
797 798
798 799
799 800
800 801
801 802
802 803
803 804
804 805
805 806
806 807
807 808
808 809
809 810
810 811
811 812
812 813
813 814
814 815
815 816
816 817
817 818
818 819
819 820
820 821
821 822
822 823
823 824
824 825
825 826
826 827
827 828
828 829
829 830
830 831
831 832
832 833
833 834
834 835
835 836
836 837
837 838
838 839
839 840
840 841
841 842
842 843
843 844
844 845
845 846
846 847
847 848
848 849
849 850
850 851
851 852
852 853
853 854
854 855
855 856
856 857
857 858
858 859
859 860
860 861
861 862
862 863
863 864
864 865
865 866
866 867
867 868
868 869
869 870
870 871
871 872
872 873
873 874
874 875
875 876
876 877
877 878
878 879
879 880
880 881
881 882
882 883
883 884
884 885
885 886
886 887
887 888
888 889
889 890
890 891
891 892
892 893
893 894
894 895
895 896
896 897
897 898
898 899
899 900
900 901
901 902
902 903
903 904
904 905
905 906
906 907
907 908
908 909
909 910
910 911
911 912
912 913
913 914
914 915
915 916
916 917
917 918
918 919
919 920
920 921
921 922
922 923
923 924
924 925
925 926
926 927
927 928
928 929
929 930
930 931
931 932
932 933
933 934
934 935
935 936
936 937
937 938
938 939
939 940
940 941
941 942
942 943
943 944
944 945
945 946
946 947
947 948
948 949
949 950
950 951
951 952
952 953
953 954
954 955
955 956
956 957
957 958
958 959
959 960
960 961
961 962
962 963
963 964
964 965
965 966
966 967
967 968
968 969
969 970
970 971
971 972
972 973
973 974
974 975
975 976
976 977
977 978
978 979
979 980
980 981
981 982
982 983
983 984
984 985
985 986
986 987
987 988
988 989
989 990
990 991
991 992
992 993
993 994
994 995
995 996
996 997
997 998
998 999
999 1000
1000 1001
1001 1002
1002 1003
1003 1004
1004 1005
1005 1006
1006 1007
1007 1008
1008 1009
1009 1010
1010 1011
1011 1012
1012 1013
1013 1014
1014 1015
1015 1016
1016 1017
1017 1018
1018 1019
1019 1020
1020 1021
1021 1022
1022 1023
1023 1024
1024 1025
1025 1026
1026 1027
1027 1028
1028 1029
1029 1030
1030 1031
1031 1032
1032 1033
1033 1034
1034 1035
1035 1036
1036 1037
1037 1038
1038 1039
1039 1040
1040 1041
1041 1042
1042 1043
1043 1044
1044 1045
1045 1046
1046 1047
1047 1048
1048 1049
1049 1050
1050 1051
1051 1052
1052 1053
1053 1054
1054 1055
1055 1056
1056 1057
1057 1058
1058 1059
1059 1060
1060 1061
1061 1062
1062 1063
1063 1064
1064 1065
1065 1066
1066 1067
1067 1068
1068 1069
1069 1070
1070 1071
1071 1072
1072 1073
1073 1074
1074 1075
1075 1076
1076 1077
1077 1078
1078 1079
1079 1080
1080 1081
1081 1082
1082 1083
1083 1084
1084 1085
1085 1086
1086 1087
1087 1088
1088 1089
1089 1090
1090 1091
1091 1092
1092 1093
1093 1094
1094 1095
1095 1096
1096 1097
1097 1098
1098 1099
1099 1100
1100 1101
1101 1102
1102 1103
1103 1104
1104 1105
1105 1106
1106 1107
1107 1108
1108 1109
1109 1110
1097 1111
102 1112
305 1113
796 1114
526 1115
550 1116
610 1117
39 1118
397 1119
460 1120
631 1121
198 1122
905 1123
213 1124
305 1125
245 1126
1045 1127
752 1128
89 1129
603 1130
5 1131
936 1132
434 1133
736 1134
962 1135
486 1136
605 1137
1054 1138
619 1139
394 1140
729 1141
427 1142
98 1143
1114 1144
1016 1145
1116 1146
65 1147
182 1148
885 1149
917 1150
375 1151
690 1152
230 1153
866 1154
1122 1155
642 1156
1129 1157
953 1158
1022 1159
290 1160
729 1161
942 1162
238 1163
664 1164
521 1165
155 1166
4 1167
804 1168
473 1169
795 1170
147 1171
962 1172
458 1173
656 1174
490 1175
115 1176
225 1177
1157 1178
1176 1179
271 1180
62 1181
149 1182
1151 1183
237 1184
293 1185
817 1186
84 1187
1116 1188
628 1189
1189 1190
829 1191
823 1192
1105 1193
1128 1194
397 1195
450 1196
534 1197
386 1198
1043 1199
579 1200
819 1201
722 1202
886 1203
535 1204
711 1205
1003 1206
145 1207
1111 1208
122 1209
770 1210
451 1211
332 1212
1108 1213
418 1214
548 1215
1175 1216
75 1217
14 1218
67 1219
1206 1220
791 1221
718 1222
339 1223
612 1224
948 1225
310 1226
901 1227
995 1228
5 1229
505 1230
859 1231
175 1232
463 1233
112 1234
501 1235
826 1236
286 1237
1154 1238
173 1239
1062 1240
699 1241
621 1242
31 1243
103 1244
699 1245
60 1246
828 1247
929 1248
268 1249
485 1250
457 1251
810 1252
458 1253
115 1254
934 1255
1205 1256
1088 1257
908 1258
664 1259
263 1260
881 1261
303 1262
115 1263
339 1264
545 1265
747 1266
1122 1267
425 1268
1195 1269
389 1270
1100 1271
780 1272
670 1273
651 1274
810 1275
799 1276
60 1277
1210 1278
471 1279
643 1280
214 1281
993 1282
900 1283
610 1284
407 1285
684 1286
11 1287
520 1288
989 1289
820 1290
752 1291
667 1292
665 1293
656 1294
702 1295
246 1296
262 1297
142 1298
248 1299
1252 1300
870 1301
274 1302
980 1303
507 1304
347 1305
249 1306
1203 1307
117 1308
1059 1309
187 1310
550 1311
164 1312
61 1313
357 1314
1313 1315
512 1316
1259 1317
935 1318
879 1319
36 1320
1099 1321
1058 1322
1117 1323
494 1324
820 1325
291 1326
787 1327
83 1328
627 1329
457 1330
1040 1331
545 1332
611 1333
1110 1334
614 1335
308 1336
139 1337
952 1338
187 1339
40 1340
906 1341
932 1342
263 1343
1331 1344
1148 1345
980 1346
353 1347
904 1348
1223 1349
847 1350
502 1351
1322 1352
371 1353
380 1354
696 1355
732 1356
587 1357
1048 1358
1040 1359
1081 1360
1111 1361
116 1362
653 1363
251 1364
789 1365
493 1366
1075 1367
305 1368
655 1369
178 1370
1085 1371
633 1372
234 1373
595 1374
1080 1375
1339 1376
791 1377
858 1378
710 1379
1169 1380
852 1381
1107 1382
59 1383
1238 1384
234 1385
1237 1386
1011 1387
185 1388
53 1389
1195 1390
280 1391
92 1392
960 1393
1027 1394
79 1395
643 1396
730 1397
1028 1398
818 1399
81 1400
1368 1401
411 1402
193 1403
944 1404
86 1405
1271 1406
416 1407
1345 1408
1067 1409
436 1410
890 1411
815 1412
641 1413
104 1414
312 1415
919 1416
647 1417
1342 1418
985 1419
169 1420
346 1421
1416 1422
523 1423
916 1424
78 1425
1051 1426
1145 1427
956 1428
1105 1429
1077 1430
201 1431
866 1432
1190 1433
958 1434
4 1435
564 1436
905 1437
435 1438
186 1439
363 1440
1183 1441
1284 1442
123 1443
503 1444
121 1445
1169 1446
783 1447
1228 1448
1435 1449
1304 1450
946 1451
25 1452
18 1453
970 1454
36 1455
269 1456
1175 1457
318 1458
314 1459
300 1460
1030 1461
1291 1462
1324 1463
787 1464
162 1465
721 1466
59 1467
876 1468
184 1469
524 1470
1166 1471
888 1472
569 1473
913 1474
484 1475
661 1476
544 1477
1164 1478
256 1479
1375 1480
365 1481
595 1482
899 1483
1367 1484
1418 1485
701 1486
1024 1487
330 1488
1276 1489
101 1490
679 1491
1240 1492
1358 1493
200 1494
519 1495
1444 1496
945 1497
953 1498
423 1499
1126 1500
154 1501
1309 1502
1399 1503
974 1504
1195 1505
278 1506
1188 1507
661 1508
627 1509
130 1510
1373 1511
83 1512
923 1513
998 1514
1103 1515
268 1516
1023 1517
613 1518
444 1519
526 1520
568 1521
1280 1522
218 1523
1160 1524
266 1525
1132 1526
927 1527
372 1528
1484 1529
14 1530
1328 1531
413 1532
1303 1533
1335 1534
956 1535
428 1536
713 1537
459 1538
283 1539
1385 1540
1168 1541
972 1542
810 1543
261 1544
226 1545
255 1546
550 1547
814 1548
241 1549
856 1550
991 1551
696 1552
1495 1553
489 1554
653 1555
19 1556
824 1557
549 1558
722 1559
713 1560
995 1561
455 1562
29 1563
56 1564
60 1565
1182 1566
563 1567
1042 1568
235 1569
1525 1570
924 1571
475 1572
1224 1573
1254 1574
1268 1575
892 1576
1532 1577
1412 1578
108 1579
1305 1580
349 1581
1523 1582
1379 1583
68 1584
499 1585
265 1586
243 1587
1058 1588
1501 1589
1580 1590
813 1591
693 1592
49 1593
178 1594
629 1595
82 1596
1570 1597
998 1598
709 1599
1311 1600
809 1601
891 1602
604 1603
655 1604
1042 1605
744 1606
977 1607
81 1608
470 1609
1492 1610
404 1611
901 1612
1103 1613
1410 1614
1278 1615
504 1616
1254 1617
104 1618
651 1619
374 1620
821 1621
1054 1622
16 1623
674 1624
8 1625
539 1626
652 1627
65 1628
261 1629
580 1630
22 1631
577 1632
184 1633
43 1634
280 1635
33 1636
64 1637
1488 1638
734 1639
822 1640
1251 1641
77 1642
602 1643
1073 1644
421 1645
700 1646
1127 1647
1259 1648
1277 1649
619 1650
1306 1651
884 1652
1283 1653
1151 1654
1332 1655
81 1656
1551 1657
1422 1658
1070 1659
499 1660
1174 1661
237 1662
68 1663
555 1664
699 1665
788 1666
203 1667
1543 1668
413 1669
1567 1670
124 1671
1371 1672
1610 1673
1589 1674
487 1675
1579 1676
795 1677
1006 1678
1063 1679
1441 1680
184 1681
124 1682
1458 1683
613 1684
250 1685
1664 1686
1414 1687
666 1688
1470 1689
812 1690
237 1691
680 1692
1415 1693
1089 1694
1685 1695
209 1696
1539 1697
1241 1698
1406 1699
838 1700
969 1701
1017 1702
1584 1703
466 1704
630 1705
380 1706
1683 1707
536 1708
415 1709
980 1710
996 1711
129 1712
1225 1713
1502 1714
1217 1715
1144 1716
1085 1717
1545 1718
1531 1719
920 1720
180 1721
1362 1722
909 1723
1332 1724
681 1725
801 1726
1455 1727
1085 1728
827 1729
1610 1730
316 1731
23 1732
1103 1733
435 1734
1166 1735
871 1736
766 1737
577 1738
1148 1739
496 1740
744 1741
1725 1742
453 1743
948 1744
326 1745
1080 1746
1456 1747
44 1748
713 1749
551 1750
1549 1751
1063 1752
1449 1753
1197 1754
1528 1755
723 1756
1435 1757
348 1758
1736 1759
654 1760
1678 1761
712 1762
384 1763
206 1764
1283 1765
71 1766
1446 1767
1510 1768
618 1769
204 1770
1046 1771
719 1772
715 1773
1641 1774
269 1775
1709 1776
740 1777
256 1778
2 1779
1472 1780
1738 1781
797 1782
810 1783
1272 1784
1479 1785
297 1786
741 1787
569 1788
1174 1789
392 1790
667 1791
183 1792
1099 1793
1028 1794
379 1795
611 1796
1203 1797
1035 1798
407 1799
1526 1800
1491 1801
1174 1802
940 1803
215 1804
975 1805
1608 1806
1487 1807
304 1808
1741 1809
731 1810
1216 1811
1377 1812
1618 1813
426 1814
1459 1815
1194 1816
1439 1817
1231 1818
883 1819
158 1820
884 1821
512 1822
1191 1823
1335 1824
1580 1825
1124 1826
1757 1827
1054 1828
1041 1829
416 1830
1770 1831
1429 1832
1517 1833
1160 1834
1277 1835
670 1836
339 1837
90 1838
1404 1839
888 1840
1814 1841
570 1842
873 1843
1332 1844
750 1845
285 1846
957 1847
1331 1848
925 1849
1416 1850
1493 1851
108 1852
1736 1853
1592 1854
1820 1855
1606 1856
1138 1857
1599 1858
984 1859
503 1860
1610 1861
1303 1862
835 1863
1756 1864
406 1865
1683 1866
1444 1867
1388 1868
916 1869
1787 1870
473 1871
1736 1872
251 1873
1171 1874
833 1875
1386 1876
3 1877
1494 1878
1536 1879
1285 1880
1795 1881
516 1882
108 1883
770 1884
247 1885
406 1886
991 1887
1075 1888
286 1889
1854 1890
48 1891
685 1892
1746 1893
1727 1894
84 1895
1848 1896
1054 1897
1679 1898
210 1899
1375 1900
1659 1901
1567 1902
276 1903
235 1904
251 1905
6 1906
1256 1907
827 1908
1226 1909
1192 1910
280 1911
722 1912
875 1913
709 1914
400 1915
583 1916
365 1917
1871 1918
814 1919
617 1920
433 1921
995 1922
1598 1923
303 1924
1685 1925
118 1926
1188 1927
1746 1928
1028 1929
1164 1930
1661 1931
765 1932
1115 1933
1924 1934
394 1935
420 1936
621 1937
1551 1938
1251 1939
1108 1940
1104 1941
76 1942
925 1943
953 1944
1489 1945
451 1946
1878 1947
745 1948
1133 1949
391 1950
1764 1951
1130 1952
339 1953
1813 1954
1477 1955
150 1956
429 1957
1213 1958
539 1959
1794 1960
561 1961
877 1962
57 1963
1917 1964
664 1965
446 1966
1026 1967
674 1968
1518 1969
434 1970
147 1971
572 1972
396 1973
1091 1974
827 1975
874 1976
546 1977
1255 1978
204 1979
767 1980
1663 1981
1899 1982
1862 1983
1920 1984
1108 1985
271 1986
1417 1987
1302 1988
1862 1989
1989 1990
1754 1991
1325 1992
1920 1993
1763 1994
1507 1995
73 1996
1258 1997
1655 1998
1489 1999
435 2000
599 2001
1120 2002
444 2003
1543 2004
128 2005
1608 2006
827 2007
1899 2008
514 2009
148 2010
1090 2011
1853 2012
383 2013
1634 2014
1601 2015
314 2016
1774 2017
551 2018
843 2019
1894 2020
651 2021
1014 2022
624 2023
1905 2024
606 2025
1286 2026
1068 2027
806 2028
122 2029
2018 2030
639 2031
199 2032
1379 2033
1834 2034
1909 2035
2028 2036
794 2037
1731 2038
433 2039
1955 2040
282 2041
1168 2042
1851 2043
1272 2044
1899 2045
445 2046
1588 2047
240 2048
1734 2049
248 2050
2042 2051
83 2052
130 2053
91 2054
695 2055
1263 2056
1740 2057
934 2058
308 2059
1371 2060
141 2061
973 2062
181 2063
1924 2064
143 2065
222 2066
120 2067
1112 2068
1022 2069
224 2070
186 2071
199 2072
1743 2073
1176 2074
834 2075
534 2076
1121 2077
177 2078
274 2079
1052 2080
660 2081
92 2082
236 2083
1953 2084
1646 2085
220 2086
1299 2087
231 2088
148 2089
302 2090
117 2091
1603 2092
375 2093
103 2094
1838 2095
1795 2096
1901 2097
282 2098
1755 2099
1949 2100
1060 2101
1606 2102
290 2103
440 2104
1513 2105
1269 2106
129 2107
468 2108
455 2109
174 2110
1821 2111
1116 2112
985 2113
1876 2114
289 2115
359 2116
277 2117
2087 2118
1401 2119
267 2120
441 2121
1543 2122
13 2123
2006 2124
1242 2125
719 2126
373 2127
1456 2128
1403 2129
996 2130
1727 2131
14 2132
851 2133
390 2134
1869 2135
1148 2136
1979 2137
378 2138
1641 2139
1827 2140
740 2141
2029 2142
1412 2143
1552 2144
1266 2145
271 2146
688 2147
410 2148
521 2149
479 2150
257 2151
307 2152
716 2153
1982 2154
1369 2155
576 2156
1399 2157
1758 2158
1443 2159
841 2160
1037 2161
1749 2162
1456 2163
542 2164
333 2165
323 2166
1998 2167
1972 2168
1679 2169
801 2170
1153 2171
1436 2172
1082 2173
1716 2174
410 2175
1519 2176
1631 2177
1261 2178
1159 2179
539 2180
1168 2181
953 2182
244 2183
1363 2184
1504 2185
267 2186
1585 2187
1923 2188
300 2189
844 2190
2111 2191
1362 2192
263 2193
1949 2194
1947 2195
314 2196
2110 2197
697 2198
1199 2199
66 2200
1101 2201
566 2202
1332 2203
917 2204
37 2205
1203 2206
818 2207
1894 2208
1021 2209
839 2210
2038 2211
362 2212
158 2213
1032 2214
648 2215
2078 2216
1902 2217
695 2218
918 2219
2070 2220
874 2221
