8000
1 2
2 3
3 4
4 5
5 6
6 7
7 8
8 9
9 10
10 11
11 12
12 13
13 14
14 15
15 16
16 17
17 18
18 19
19 20
20 21
21 22
22 23
23 24
24 25
25 26
26 27
27 28
28 29
29 30
30 31
31 32
32 33
33 34
34 35
35 36
36 37
37 38
38 39
39 40
40 41
41 42
42 43
43 44
44 45
45 46
46 47
47 48
48 49
49 50
50 51
51 52
52 53
53 54
54 55
55 56
56 57
57 58
58 59
59 60
60 61
61 62
62 63
63 64
64 65
65 66
66 67
67 68
68 69
69 70
70 71
71 72
72 73
73 74
74 75
75 76
76 77
77 78
78 79
79 80
80 81
81 82
82 83
83 84
84 85
85 86
86 87
87 88
88 89
89 90
90 91
91 92
92 93
93 94
94 95
95 96
96 97
97 98
98 99
99 100
100 101
101 102
102 103
103 104
104 105
105 106
106 107
107 108
108 109
109 110
110 111
111 112
112 113
113 114
114 115
115 116
116 117
117 118
118 119
119 120
120 121
121 122
122 123
123 124
124 125
125 126
126 127
127 128
128 129
129 130
130 131
131 132
132 133
133 134
134 135
135 136
136 137
137 138
138 139
139 140
140 141
141 142
142 143
143 144
144 145
145 146
146 147
147 148
148 149
149 150
150 151
151 152
152 153
153 154
154 155
155 156
156 157
157 158
158 159
159 160
160 161
161 162
162 163
163 164
164 165
165 166
166 167
167 168
168 169
169 170
170 171
171 172
172 173
173 174
174 175
175 176
176 177
177 178
178 179
179 180
180 181
181 182
182 183
183 184
184 185
185 186
186 187
187 188
188 189
189 190
190 191
191 192
192 193
193 194
194 195
195 196
196 197
197 198
198 199
199 200
200 201
201 202
202 203
203 204
204 205
205 206
206 207
207 208
208 209
209 210
210 211
211 212
212 213
213 214
214 215
215 216
216 217
217 218
218 219
219 220
220 221
221 222
222 223
223 224
224 225
225 226
226 227
227 228
228 229
229 230
230 231
231 232
232 233
233 234
234 235
235 236
236 237
237 238
238 239
239 240
240 241
241 242
242 243
243 244
244 245
245 246
246 247
247 248
248 249
249 250
250 251
251 252
252 253
253 254
254 255
255 256
256 257
257 258
258 259
259 260
260 261
261 262
262 263
263 264
264 265
265 266
266 267
267 268
268 269
269 270
270 271
271 272
272 273
273 274
274 275
275 276
276 277
277 278
278 279
279 280
280 281
281 282
282 283
283 284
284 285
285 286
286 287
287 288
288 289
289 290
290 291
291 292
292 293
293 294
294 295
295 296
296 297
297 298
298 299
299 300
300 301
301 302
302 303
303 304
304 305
305 306
306 307
307 308
308 309
309 310
310 311
311 312
312 313
313 314
314 315
315 316
316 317
317 318
318 319
319 320
320 321
321 322
322 323
323 324
324 325
325 326
326 327
327 328
328 329
329 330
330 331
331 332
332 333
333 334
334 335
335 336
336 337
337 338
338 339
339 340
340 341
341 342
342 343
343 344
344 345
345 346
346 347
347 348
348 349
349 350
350 351
351 352
352 353
353 354
354 355
355 356
356 357
357 358
358 359
359 360
360 361
361 362
362 363
363 364
364 365
365 366
366 367
367 368
368 369
369 370
370 371
371 372
372 373
373 374
374 375
375 376
376 377
377 378
378 379
379 380
380 381
381 382
382 383
383 384
384 385
385 386
386 387
387 388
388 389
389 390
390 391
391 392
392 393
393 394
394 395
395 396
396 397
397 398
398 399
399 400
400 401
401 402
402 403
403 404
404 405
405 406
406 407
407 408
408 409
409 410
410 411
411 412
412 413
413 414
414 415
415 416
416 417
417 418
418 419
419 420
420 421
421 422
422 423
423 424
424 425
425 426
426 427
427 428
428 429
429 430
430 431
431 432
432 433
433 434
434 435
435 436
436 437
437 438
438 439
439 440
440 441
441 442
442 443
443 444
444 445
445 446
446 447
447 448
448 449
449 450
450 451
451 452
452 453
453 454
454 455
455 456
456 457
457 458
458 459
459 460
460 461
461 462
462 463
463 464
464 465
465 466
466 467
467 468
468 469
469 470
470 471
471 472
472 473
473 474
474 475
475 476
476 477
477 478
478 479
479 480
480 481
481 482
482 483
483 484
484 485
485 486
486 487
487 488
488 489
489 490
490 491
491 492
492 493
493 494
494 495
495 496
496 497
497 498
498 499
499 500
500 501
501 502
502 503
503 504
504 505
505 506
506 507
507 508
508 509
509 510
510 511
511 512
512 513
513 514
514 515
515 516
516 517
517 518
518 519
519 520
520 521
521 522
522 523
523 524
524 525
525 526
526 527
527 528
528 529
529 530
530 531
531 532
532 533
533 534
534 535
535 536
536 537
537 538
538 539
539 540
540 541
541 542
542 543
543 544
544 545
545 546
546 547
547 548
548 549
549 550
550 551
551 552
552 553
553 554
554 555
555 556
556 557
557 558
558 559
559 560
560 561
561 562
562 563
563 564
564 565
565 566
566 567
567 568
568 569
569 570
570 571
571 572
572 573
573 574
574 575
575 576
576 577
577 578
578 579
579 580
580 581
581 582
582 583
583 584
584 585
585 586
586 587
587 588
588 589
589 590
590 591
591 592
592 593
593 594
594 595
595 596
596 597
597 598
598 599
599 600
600 601
601 602
602 603
603 604
604 605
605 606
606 607
607 608
608 609
609 610
610 611
611 612
612 613
613 614
614 615
615 616
616 617
617 618
618 619
619 620
620 621
621 622
622 623
623 624
624 625
625 626
626 627
627 628
628 629
629 630
630 631
631 632
632 633
633 634
634 635
635 636
636 637
637 638
638 639
639 640
640 641
641 642
642 643
643 644
644 645
645 646
646 647
647 648
648 649
649 650
650 651
651 652
652 653
653 654
654 655
655 656
656 657
657 658
658 659
659 660
660 661
661 662
662 663
663 664
664 665
665 666
666 667
667 668
668 669
669 670
670 671
671 672
672 673
673 674
674 675
675 676
676 677
677 678
678 679
679 680
680 681
681 682
682 683
683 684
684 685
685 686
686 687
687 688
688 689
689 690
690 691
691 692
692 693
693 694
694 695
695 696
696 697
697 698
698 699
699 700
700 701
701 702
702 703
703 704
704 705
705 706
706 707
707 708
708 709
709 710
710 711
711 712
712 713
713 714
714 715
715 716
716 717
717 718
718 719
719 720
720 721
721 722
722 723
723 724
724 725
725 726
726 727
727 728
728 729
729 730
730 731
731 732
732 733
733 734
734 735
735 736
736 737
737 738
738 739
739 740
740 741
741 742
742 743
743 744
744 745
745 746
746 747
747 748
748 749
749 750
750 751
751 752
752 753
753 754
754 755
755 756
756 757
757 758
758 759
759 760
760 761
761 762
762 763
763 764
764 765
765 766
766 767
767 768
768 769
769 770
770 771
771 772
772 773
773 774
774 775
775 776
776 777
777 778
778 779
779 780
780 781
781 782
782 783
783 784
784 785
785 786
786 787
787 788
788 789
789 790
790 791
791 792
792 793
793 794
794 795
795 796
796 797
797 798
798 799
799 800
800 801
801 802
802 803
803 804
804 805
805 806
806 807
807 808
808 809
809 810
810 811
811 812
812 813
813 814
814 815
815 816
816 817
817 818
818 819
819 820
820 821
821 822
822 823
823 824
824 825
825 826
826 827
827 828
828 829
829 830
830 831
831 832
832 833
833 834
834 835
835 836
836 837
837 838
838 839
839 840
840 841
841 842
842 843
843 844
844 845
845 846
846 847
847 848
848 849
849 850
850 851
851 852
852 853
853 854
854 855
855 856
856 857
857 858
858 859
859 860
860 861
861 862
862 863
863 864
864 865
865 866
866 867
867 868
868 869
869 870
870 871
871 872
872 873
873 874
874 875
875 876
876 877
877 878
878 879
879 880
880 881
881 882
882 883
883 884
884 885
885 886
886 887
887 888
888 889
889 890
890 891
891 892
892 893
893 894
894 895
895 896
896 897
897 898
898 899
899 900
900 901
901 902
902 903
903 904
904 905
905 906
906 907
907 908
908 909
909 910
910 911
911 912
912 913
913 914
914 915
915 916
916 917
917 918
918 919
919 920
920 921
921 922
922 923
923 924
924 925
925 926
926 927
927 928
928 929
929 930
930 931
931 932
932 933
933 934
934 935
935 936
936 937
937 938
938 939
939 940
940 941
941 942
942 943
943 944
944 945
945 946
946 947
947 948
948 949
949 950
950 951
951 952
952 953
953 954
954 955
955 956
956 957
957 958
958 959
959 960
960 961
961 962
962 963
963 964
964 965
965 966
966 967
967 968
968 969
969 970
970 971
971 972
972 973
973 974
974 975
975 976
976 977
977 978
978 979
979 980
980 981
981 982
982 983
983 984
984 985
985 986
986 987
987 988
988 989
989 990
990 991
991 992
992 993
993 994
994 995
995 996
996 997
997 998
998 999
999 1000
1000 1001
1001 1002
1002 1003
1003 1004
1004 1005
1005 1006
1006 1007
1007 1008
1008 1009
1009 1010
1010 1011
1011 1012
1012 1013
1013 1014
1014 1015
1015 1016
1016 1017
1017 1018
1018 1019
1019 1020
1020 1021
1021 1022
1022 1023
1023 1024
1024 1025
1025 1026
1026 1027
1027 1028
1028 1029
1029 1030
1030 1031
1031 1032
1032 1033
1033 1034
1034 1035
1035 1036
1036 1037
1037 1038
1038 1039
1039 1040
1040 1041
1041 1042
1042 1043
1043 1044
1044 1045
1045 1046
1046 1047
1047 1048
1048 1049
1049 1050
1050 1051
1051 1052
1052 1053
1053 1054
1054 1055
1055 1056
1056 1057
1057 1058
1058 1059
1059 1060
1060 1061
1061 1062
1062 1063
1063 1064
1064 1065
1065 1066
1066 1067
1067 1068
1068 1069
1069 1070
1070 1071
1071 1072
1072 1073
1073 1074
1074 1075
1075 1076
1076 1077
1077 1078
1078 1079
1079 1080
1080 1081
1081 1082
1082 1083
1083 1084
1084 1085
1085 1086
1086 1087
1087 1088
1088 1089
1089 1090
1090 1091
1091 1092
1092 1093
1093 1094
1094 1095
1095 1096
1096 1097
1097 1098
1098 1099
1099 1100
1100 1101
1101 1102
1102 1103
1103 1104
1104 1105
1105 1106
1106 1107
1107 1108
1108 1109
1109 1110
1110 1111
1111 1112
1112 1113
1113 1114
1114 1115
1115 1116
1116 1117
1117 1118
1118 1119
1119 1120
1120 1121
1121 1122
1122 1123
1123 1124
1124 1125
1125 1126
1126 1127
1127 1128
1128 1129
1129 1130
1130 1131
1131 1132
1132 1133
1133 1134
1134 1135
1135 1136
1136 1137
1137 1138
1138 1139
1139 1140
1140 1141
1141 1142
1142 1143
1143 1144
1144 1145
1145 1146
1146 1147
1147 1148
1148 1149
1149 1150
1150 1151
1151 1152
1152 1153
1153 1154
1154 1155
1155 1156
1156 1157
1157 1158
1158 1159
1159 1160
1160 1161
1161 1162
1162 1163
1163 1164
1164 1165
1165 1166
1166 1167
1167 1168
1168 1169
1169 1170
1170 1171
1171 1172
1172 1173
1173 1174
1174 1175
1175 1176
1176 1177
1177 1178
1178 1179
1179 1180
1180 1181
1181 1182
1182 1183
1183 1184
1184 1185
1185 1186
1186 1187
1187 1188
1188 1189
1189 1190
1190 1191
1191 1192
1192 1193
1193 1194
1194 1195
1195 1196
1196 1197
1197 1198
1198 1199
1199 1200
1200 1201
1201 1202
1202 1203
1203 1204
1204 1205
1205 1206
1206 1207
1207 1208
1208 1209
1209 1210
1210 1211
1211 1212
1212 1213
1213 1214
1214 1215
1215 1216
1216 1217
1217 1218
1218 1219
1219 1220
1220 1221
1221 1222
1222 1223
1223 1224
1224 1225
1225 1226
1226 1227
1227 1228
1228 1229
1229 1230
1230 1231
1231 1232
1232 1233
1233 1234
1234 1235
1235 1236
1236 1237
1237 1238
1238 1239
1239 1240
1240 1241
1241 1242
1242 1243
1243 1244
1244 1245
1245 1246
1246 1247
1247 1248
1248 1249
1249 1250
1250 1251
1251 1252
1252 1253
1253 1254
1254 1255
1255 1256
1256 1257
1257 1258
1258 1259
1259 1260
1260 1261
1261 1262
1262 1263
1263 1264
1264 1265
1265 1266
1266 1267
1267 1268
1268 1269
1269 1270
1270 1271
1271 1272
1272 1273
1273 1274
1274 1275
1275 1276
1276 1277
1277 1278
1278 1279
1279 1280
1280 1281
1281 1282
1282 1283
1283 1284
1284 1285
1285 1286
1286 1287
1287 1288
1288 1289
1289 1290
1290 1291
1291 1292
1292 1293
1293 1294
1294 1295
1295 1296
1296 1297
1297 1298
1298 1299
1299 1300
1300 1301
1301 1302
1302 1303
1303 1304
1304 1305
1305 1306
1306 1307
1307 1308
1308 1309
1309 1310
1310 1311
1311 1312
1312 1313
1313 1314
1314 1315
1315 1316
1316 1317
1317 1318
1318 1319
1319 1320
1320 1321
1321 1322
1322 1323
1323 1324
1324 1325
1325 1326
1326 1327
1327 1328
1328 1329
1329 1330
1330 1331
1331 1332
1332 1333
1333 1334
1334 1335
1335 1336
1336 1337
1337 1338
1338 1339
1339 1340
1340 1341
1341 1342
1342 1343
1343 1344
1344 1345
1345 1346
1346 1347
1347 1348
1348 1349
1349 1350
1350 1351
1351 1352
1352 1353
1353 1354
1354 1355
1355 1356
1356 1357
1357 1358
1358 1359
1359 1360
1360 1361
1361 1362
1362 1363
1363 1364
1364 1365
1365 1366
1366 1367
1367 1368
1368 1369
1369 1370
1370 1371
1371 1372
1372 1373
1373 1374
1374 1375
1375 1376
1376 1377
1377 1378
1378 1379
1379 1380
1380 1381
1381 1382
1382 1383
1383 1384
1384 1385
1385 1386
1386 1387
1387 1388
1388 1389
1389 1390
1390 1391
1391 1392
1392 1393
1393 1394
1394 1395
1395 1396
1396 1397
1397 1398
1398 1399
1399 1400
1400 1401
1401 1402
1402 1403
1403 1404
1404 1405
1405 1406
1406 1407
1407 1408
1408 1409
1409 1410
1410 1411
1411 1412
1412 1413
1413 1414
1414 1415
1415 1416
1416 1417
1417 1418
1418 1419
1419 1420
1420 1421
1421 1422
1422 1423
1423 1424
1424 1425
1425 1426
1426 1427
1427 1428
1428 1429
1429 1430
1430 1431
1431 1432
1432 1433
1433 1434
1434 1435
1435 1436
1436 1437
1437 1438
1438 1439
1439 1440
1440 1441
1441 1442
1442 1443
1443 1444
1444 1445
1445 1446
1446 1447
1447 1448
1448 1449
1449 1450
1450 1451
1451 1452
1452 1453
1453 1454
1454 1455
1455 1456
1456 1457
1457 1458
1458 1459
1459 1460
1460 1461
1461 1462
1462 1463
1463 1464
1464 1465
1465 1466
1466 1467
1467 1468
1468 1469
1469 1470
1470 1471
1471 1472
1472 1473
1473 1474
1474 1475
1475 1476
1476 1477
1477 1478
1478 1479
1479 1480
1480 1481
1481 1482
1482 1483
1483 1484
1484 1485
1485 1486
1486 1487
1487 1488
1488 1489
1489 1490
1490 1491
1491 1492
1492 1493
1493 1494
1494 1495
1495 1496
1496 1497
1497 1498
1498 1499
1499 1500
1500 1501
1501 1502
1502 1503
1503 1504
1504 1505
1505 1506
1506 1507
1507 1508
1508 1509
1509 1510
1510 1511
1511 1512
1512 1513
1513 1514
1514 1515
1515 1516
1516 1517
1517 1518
1518 1519
1519 1520
1520 1521
1521 1522
1522 1523
1523 1524
1524 1525
1525 1526
1526 1527
1527 1528
1528 1529
1529 1530
1530 1531
1531 1532
1532 1533
1533 1534
1534 1535
1535 1536
1536 1537
1537 1538
1538 1539
1539 1540
1540 1541
1541 1542
1542 1543
1543 1544
1544 1545
1545 1546
1546 1547
1547 1548
1548 1549
1549 1550
1550 1551
1551 1552
1552 1553
1553 1554
1554 1555
1555 1556
1556 1557
1557 1558
1558 1559
1559 1560
1560 1561
1561 1562
1562 1563
1563 1564
1564 1565
1565 1566
1566 1567
1567 1568
1568 1569
1569 1570
1570 1571
1571 1572
1572 1573
1573 1574
1574 1575
1575 1576
1576 1577
1577 1578
1578 1579
1579 1580
1580 1581
1581 1582
1582 1583
1583 1584
1584 1585
1585 1586
1586 1587
1587 1588
1588 1589
1589 1590
1590 1591
1591 1592
1592 1593
1593 1594
1594 1595
1595 1596
1596 1597
1597 1598
1598 1599
1599 1600
1600 1601
1601 1602
1602 1603
1603 1604
1604 1605
1605 1606
1606 1607
1607 1608
1608 1609
1609 1610
1610 1611
1611 1612
1612 1613
1613 1614
1614 1615
1615 1616
1616 1617
1617 1618
1618 1619
1619 1620
1620 1621
1621 1622
1622 1623
1623 1624
1624 1625
1625 1626
1626 1627
1627 1628
1628 1629
1629 1630
1630 1631
1631 1632
1632 1633
1633 1634
1634 1635
1635 1636
1636 1637
1637 1638
1638 1639
1639 1640
1640 1641
1641 1642
1642 1643
1643 1644
1644 1645
1645 1646
1646 1647
1647 1648
1648 1649
1649 1650
1650 1651
1651 1652
1652 1653
1653 1654
1654 1655
1655 1656
1656 1657
1657 1658
1658 1659
1659 1660
1660 1661
1661 1662
1662 1663
1663 1664
1664 1665
1665 1666
1666 1667
1667 1668
1668 1669
1669 1670
1670 1671
1671 1672
1672 1673
1673 1674
1674 1675
1675 1676
1676 1677
1677 1678
1678 1679
1679 1680
1680 1681
1681 1682
1682 1683
1683 1684
1684 1685
1685 1686
1686 1687
1687 1688
1688 1689
1689 1690
1690 1691
1691 1692
1692 1693
1693 1694
1694 1695
1695 1696
1696 1697
1697 1698
1698 1699
1699 1700
1700 1701
1701 1702
1702 1703
1703 1704
1704 1705
1705 1706
1706 1707
1707 1708
1708 1709
1709 1710
1710 1711
1711 1712
1712 1713
1713 1714
1714 1715
1715 1716
1716 1717
1717 1718
1718 1719
1719 1720
1720 1721
1721 1722
1722 1723
1723 1724
1724 1725
1725 1726
1726 1727
1727 1728
1728 1729
1729 1730
1730 1731
1731 1732
1732 1733
1733 1734
1734 1735
1735 1736
1736 1737
1737 1738
1738 1739
1739 1740
1740 1741
1741 1742
1742 1743
1743 1744
1744 1745
1745 1746
1746 1747
1747 1748
1748 1749
1749 1750
1750 1751
1751 1752
1752 1753
1753 1754
1754 1755
1755 1756
1756 1757
1757 1758
1758 1759
1759 1760
1760 1761
1761 1762
1762 1763
1763 1764
1764 1765
1765 1766
1766 1767
1767 1768
1768 1769
1769 1770
1770 1771
1771 1772
1772 1773
1773 1774
1774 1775
1775 1776
1776 1777
1777 1778
1778 1779
1779 1780
1780 1781
1781 1782
1782 1783
1783 1784
1784 1785
1785 1786
1786 1787
1787 1788
1788 1789
1789 1790
1790 1791
1791 1792
1792 1793
1793 1794
1794 1795
1795 1796
1796 1797
1797 1798
1798 1799
1799 1800
1800 1801
1801 1802
1802 1803
1803 1804
1804 1805
1805 1806
1806 1807
1807 1808
1808 1809
1809 1810
1810 1811
1811 1812
1812 1813
1813 1814
1814 1815
1815 1816
1816 1817
1817 1818
1818 1819
1819 1820
1820 1821
1821 1822
1822 1823
1823 1824
1824 1825
1825 1826
1826 1827
1827 1828
1828 1829
1829 1830
1830 1831
1831 1832
1832 1833
1833 1834
1834 1835
1835 1836
1836 1837
1837 1838
1838 1839
1839 1840
1840 1841
1841 1842
1842 1843
1843 1844
1844 1845
1845 1846
1846 1847
1847 1848
1848 1849
1849 1850
1850 1851
1851 1852
1852 1853
1853 1854
1854 1855
1855 1856
1856 1857
1857 1858
1858 1859
1859 1860
1860 1861
1861 1862
1862 1863
1863 1864
1864 1865
1865 1866
1866 1867
1867 1868
1868 1869
1869 1870
1870 1871
1871 1872
1872 1873
1873 1874
1874 1875
1875 1876
1876 1877
1877 1878
1878 1879
1879 1880
1880 1881
1881 1882
1882 1883
1883 1884
1884 1885
1885 1886
1886 1887
1887 1888
1888 1889
1889 1890
1890 1891
1891 1892
1892 1893
1893 1894
1894 1895
1895 1896
1896 1897
1897 1898
1898 1899
1899 1900
1900 1901
1901 1902
1902 1903
1903 1904
1904 1905
1905 1906
1906 1907
1907 1908
1908 1909
1909 1910
1910 1911
1911 1912
1912 1913
1913 1914
1914 1915
1915 1916
1916 1917
1917 1918
1918 1919
1919 1920
1920 1921
1921 1922
1922 1923
1923 1924
1924 1925
1925 1926
1926 1927
1927 1928
1928 1929
1929 1930
1930 1931
1931 1932
1932 1933
1933 1934
1934 1935
1935 1936
1936 1937
1937 1938
1938 1939
1939 1940
1940 1941
1941 1942
1942 1943
1943 1944
1944 1945
1945 1946
1946 1947
1947 1948
1948 1949
1949 1950
1950 1951
1951 1952
1952 1953
1953 1954
1954 1955
1955 1956
1956 1957
1957 1958
1958 1959
1959 1960
1960 1961
1961 1962
1962 1963
1963 1964
1964 1965
1965 1966
1966 1967
1967 1968
1968 1969
1969 1970
1970 1971
1971 1972
1972 1973
1973 1974
1974 1975
1975 1976
1976 1977
1977 1978
1978 1979
1979 1980
1980 1981
1981 1982
1982 1983
1983 1984
1984 1985
1985 1986
1986 1987
1987 1988
1988 1989
1989 1990
1990 1991
1991 1992
1992 1993
1993 1994
1994 1995
1995 1996
1996 1997
1997 1998
1998 1999
1999 2000
2000 2001
2001 2002
2002 2003
2003 2004
2004 2005
2005 2006
2006 2007
2007 2008
2008 2009
2009 2010
2010 2011
2011 2012
2012 2013
2013 2014
2014 2015
2015 2016
2016 2017
2017 2018
2018 2019
2019 2020
2020 2021
2021 2022
2022 2023
2023 2024
2024 2025
2025 2026
2026 2027
2027 2028
2028 2029
2029 2030
2030 2031
2031 2032
2032 2033
2033 2034
2034 2035
2035 2036
2036 2037
2037 2038
2038 2039
2039 2040
2040 2041
2041 2042
2042 2043
2043 2044
2044 2045
2045 2046
2046 2047
2047 2048
2048 2049
2049 2050
2050 2051
2051 2052
2052 2053
2053 2054
2054 2055
2055 2056
2056 2057
2057 2058
2058 2059
2059 2060
2060 2061
2061 2062
2062 2063
2063 2064
2064 2065
2065 2066
2066 2067
2067 2068
2068 2069
2069 2070
2070 2071
2071 2072
2072 2073
2073 2074
2074 2075
2075 2076
2076 2077
2077 2078
2078 2079
2079 2080
2080 2081
2081 2082
2082 2083
2083 2084
2084 2085
2085 2086
2086 2087
2087 2088
2088 2089
2089 2090
2090 2091
2091 2092
2092 2093
2093 2094
2094 2095
2095 2096
2096 2097
2097 2098
2098 2099
2099 2100
2100 2101
2101 2102
2102 2103
2103 2104
2104 2105
2105 2106
2106 2107
2107 2108
2108 2109
2109 2110
2110 2111
2111 2112
2112 2113
2113 2114
2114 2115
2115 2116
2116 2117
2117 2118
2118 2119
2119 2120
2120 2121
2121 2122
2122 2123
2123 2124
2124 2125
2125 2126
2126 2127
2127 2128
2128 2129
2129 2130
2130 2131
2131 2132
2132 2133
2133 2134
2134 2135
2135 2136
2136 2137
2137 2138
2138 2139
2139 2140
2140 2141
2141 2142
2142 2143
2143 2144
2144 2145
2145 2146
2146 2147
2147 2148
2148 2149
2149 2150
2150 2151
2151 2152
2152 2153
2153 2154
2154 2155
2155 2156
2156 2157
2157 2158
2158 2159
2159 2160
2160 2161
2161 2162
2162 2163
2163 2164
2164 2165
2165 2166
2166 2167
2167 2168
2168 2169
2169 2170
2170 2171
2171 2172
2172 2173
2173 2174
2174 2175
2175 2176
2176 2177
2177 2178
2178 2179
2179 2180
2180 2181
2181 2182
2182 2183
2183 2184
2184 2185
2185 2186
2186 2187
2187 2188
2188 2189
2189 2190
2190 2191
2191 2192
2192 2193
2193 2194
2194 2195
2195 2196
2196 2197
2197 2198
2198 2199
2199 2200
2200 2201
2201 2202
2202 2203
2203 2204
2204 2205
2205 2206
2206 2207
2207 2208
2208 2209
2209 2210
2210 2211
2211 2212
2212 2213
2213 2214
2214 2215
2215 2216
2216 2217
2217 2218
2218 2219
2219 2220
2220 2221
2221 2222
2222 2223
2223 2224
2224 2225
2225 2226
2226 2227
2227 2228
2228 2229
2229 2230
2230 2231
2231 2232
2232 2233
2233 2234
2234 2235
2235 2236
2236 2237
2237 2238
2238 2239
2239 2240
2240 2241
2241 2242
2242 2243
2243 2244
2244 2245
2245 2246
2246 2247
2247 2248
2248 2249
2249 2250
2250 2251
2251 2252
2252 2253
2253 2254
2254 2255
2255 2256
2256 2257
2257 2258
2258 2259
2259 2260
2260 2261
2261 2262
2262 2263
2263 2264
2264 2265
2265 2266
2266 2267
2267 2268
2268 2269
2269 2270
2270 2271
2271 2272
2272 2273
2273 2274
2274 2275
2275 2276
2276 2277
2277 2278
2278 2279
2279 2280
2280 2281
2281 2282
2282 2283
2283 2284
2284 2285
2285 2286
2286 2287
2287 2288
2288 2289
2289 2290
2290 2291
2291 2292
2292 2293
2293 2294
2294 2295
2295 2296
2296 2297
2297 2298
2298 2299
2299 2300
2300 2301
2301 2302
2302 2303
2303 2304
2304 2305
2305 2306
2306 2307
2307 2308
2308 2309
2309 2310
2310 2311
2311 2312
2312 2313
2313 2314
2314 2315
2315 2316
2316 2317
2317 2318
2318 2319
2319 2320
2320 2321
2321 2322
2322 2323
2323 2324
2324 2325
2325 2326
2326 2327
2327 2328
2328 2329
2329 2330
2330 2331
2331 2332
2332 2333
2333 2334
2334 2335
2335 2336
2336 2337
2337 2338
2338 2339
2339 2340
2340 2341
2341 2342
2342 2343
2343 2344
2344 2345
2345 2346
2346 2347
2347 2348
2348 2349
2349 2350
2350 2351
2351 2352
2352 2353
2353 2354
2354 2355
2355 2356
2356 2357
2357 2358
2358 2359
2359 2360
2360 2361
2361 2362
2362 2363
2363 2364
2364 2365
2365 2366
2366 2367
2367 2368
2368 2369
2369 2370
2370 2371
2371 2372
2372 2373
2373 2374
2374 2375
2375 2376
2376 2377
2377 2378
2378 2379
2379 2380
2380 2381
2381 2382
2382 2383
2383 2384
2384 2385
2385 2386
2386 2387
2387 2388
2388 2389
2389 2390
2390 2391
2391 2392
2392 2393
2393 2394
2394 2395
2395 2396
2396 2397
2397 2398
2398 2399
2399 2400
2400 2401
2401 2402
2402 2403
2403 2404
2404 2405
2405 2406
2406 2407
2407 2408
2408 2409
2409 2410
2410 2411
2411 2412
2412 2413
2413 2414
2414 2415
2415 2416
2416 2417
2417 2418
2418 2419
2419 2420
2420 2421
2421 2422
2422 2423
2423 2424
2424 2425
2425 2426
2426 2427
2427 2428
2428 2429
2429 2430
2430 2431
2431 2432
2432 2433
2433 2434
2434 2435
2435 2436
2436 2437
2437 2438
2438 2439
2439 2440
2440 2441
2441 2442
2442 2443
2443 2444
2444 2445
2445 2446
2446 2447
2447 2448
2448 2449
2449 2450
2450 2451
2451 2452
2452 2453
2453 2454
2454 2455
2455 2456
2456 2457
2457 2458
2458 2459
2459 2460
2460 2461
2461 2462
2462 2463
2463 2464
2464 2465
2465 2466
2466 2467
2467 2468
2468 2469
2469 2470
2470 2471
2471 2472
2472 2473
2473 2474
2474 2475
2475 2476
2476 2477
2477 2478
2478 2479
2479 2480
2480 2481
2481 2482
2482 2483
2483 2484
2484 2485
2485 2486
2486 2487
2487 2488
2488 2489
2489 2490
2490 2491
2491 2492
2492 2493
2493 2494
2494 2495
2495 2496
2496 2497
2497 2498
2498 2499
2499 2500
2500 2501
2501 2502
2502 2503
2503 2504
2504 2505
2505 2506
2506 2507
2507 2508
2508 2509
2509 2510
2510 2511
2511 2512
2512 2513
2513 2514
2514 2515
2515 2516
2516 2517
2517 2518
2518 2519
2519 2520
2520 2521
2521 2522
2522 2523
2523 2524
2524 2525
2525 2526
2526 2527
2527 2528
2528 2529
2529 2530
2530 2531
2531 2532
2532 2533
2533 2534
2534 2535
2535 2536
2536 2537
2537 2538
2538 2539
2539 2540
2540 2541
2541 2542
2542 2543
2543 2544
2544 2545
2545 2546
2546 2547
2547 2548
2548 2549
2549 2550
2550 2551
2551 2552
2552 2553
2553 2554
2554 2555
2555 2556
2556 2557
2557 2558
2558 2559
2559 2560
2560 2561
2561 2562
2562 2563
2563 2564
2564 2565
2565 2566
2566 2567
2567 2568
2568 2569
2569 2570
2570 2571
2571 2572
2572 2573
2573 2574
2574 2575
2575 2576
2576 2577
2577 2578
2578 2579
2579 2580
2580 2581
2581 2582
2582 2583
2583 2584
2584 2585
2585 2586
2586 2587
2587 2588
2588 2589
2589 2590
2590 2591
2591 2592
2592 2593
2593 2594
2594 2595
2595 2596
2596 2597
2597 2598
2598 2599
2599 2600
2600 2601
2601 2602
2602 2603
2603 2604
2604 2605
2605 2606
2606 2607
2607 2608
2608 2609
2609 2610
2610 2611
2611 2612
2612 2613
2613 2614
2614 2615
2615 2616
2616 2617
2617 2618
2618 2619
2619 2620
2620 2621
2621 2622
2622 2623
2623 2624
2624 2625
2625 2626
2626 2627
2627 2628
2628 2629
2629 2630
2630 2631
2631 2632
2632 2633
2633 2634
2634 2635
2635 2636
2636 2637
2637 2638
2638 2639
2639 2640
2640 2641
2641 2642
2642 2643
2643 2644
2644 2645
2645 2646
2646 2647
2647 2648
2648 2649
2649 2650
2650 2651
2651 2652
2652 2653
2653 2654
2654 2655
2655 2656
2656 2657
2657 2658
2658 2659
2659 2660
2660 2661
2661 2662
2662 2663
2663 2664
2664 2665
2665 2666
2666 2667
2667 2668
2668 2669
2669 2670
2670 2671
2671 2672
2672 2673
2673 2674
2674 2675
2675 2676
2676 2677
2677 2678
2678 2679
2679 2680
2680 2681
2681 2682
2682 2683
2683 2684
2684 2685
2685 2686
2686 2687
2687 2688
2688 2689
2689 2690
2690 2691
2691 2692
2692 2693
2693 2694
2694 2695
2695 2696
2696 2697
2697 2698
2698 2699
2699 2700
2700 2701
2701 2702
2702 2703
2703 2704
2704 2705
2705 2706
2706 2707
2707 2708
2708 2709
2709 2710
2710 2711
2711 2712
2712 2713
2713 2714
2714 2715
2715 2716
2716 2717
2717 2718
2718 2719
2719 2720
2720 2721
2721 2722
2722 2723
2723 2724
2724 2725
2725 2726
2726 2727
2727 2728
2728 2729
2729 2730
2730 2731
2731 2732
2732 2733
2733 2734
2734 2735
2735 2736
2736 2737
2737 2738
2738 2739
2739 2740
2740 2741
2741 2742
2742 2743
2743 2744
2744 2745
2745 2746
2746 2747
2747 2748
2748 2749
2749 2750
2750 2751
2751 2752
2752 2753
2753 2754
2754 2755
2755 2756
2756 2757
2757 2758
2758 2759
2759 2760
2760 2761
2761 2762
2762 2763
2763 2764
2764 2765
2765 2766
2766 2767
2767 2768
2768 2769
2769 2770
2770 2771
2771 2772
2772 2773
2773 2774
2774 2775
2775 2776
2776 2777
2777 2778
2778 2779
2779 2780
2780 2781
2781 2782
2782 2783
2783 2784
2784 2785
2785 2786
2786 2787
2787 2788
2788 2789
2789 2790
2790 2791
2791 2792
2792 2793
2793 2794
2794 2795
2795 2796
2796 2797
2797 2798
2798 2799
2799 2800
2800 2801
2801 2802
2802 2803
2803 2804
2804 2805
2805 2806
2806 2807
2807 2808
2808 2809
2809 2810
2810 2811
2811 2812
2812 2813
2813 2814
2814 2815
2815 2816
2816 2817
2817 2818
2818 2819
2819 2820
2820 2821
2821 2822
2822 2823
2823 2824
2824 2825
2825 2826
2826 2827
2827 2828
2828 2829
2829 2830
2830 2831
2831 2832
2832 2833
2833 2834
2834 2835
2835 2836
2836 2837
2837 2838
2838 2839
2839 2840
2840 2841
2841 2842
2842 2843
2843 2844
2844 2845
2845 2846
2846 2847
2847 2848
2848 2849
2849 2850
2850 2851
2851 2852
2852 2853
2853 2854
2854 2855
2855 2856
2856 2857
2857 2858
2858 2859
2859 2860
2860 2861
2861 2862
2862 2863
2863 2864
2864 2865
2865 2866
2866 2867
2867 2868
2868 2869
2869 2870
2870 2871
2871 2872
2872 2873
2873 2874
2874 2875
2875 2876
2876 2877
2877 2878
2878 2879
2879 2880
2880 2881
2881 2882
2882 2883
2883 2884
2884 2885
2885 2886
2886 2887
2887 2888
2888 2889
2889 2890
2890 2891
2891 2892
2892 2893
2893 2894
2894 2895
2895 2896
2896 2897
2897 2898
2898 2899
2899 2900
2900 2901
2901 2902
2902 2903
2903 2904
2904 2905
2905 2906
2906 2907
2907 2908
2908 2909
2909 2910
2910 2911
2911 2912
2912 2913
2913 2914
2914 2915
2915 2916
2916 2917
2917 2918
2918 2919
2919 2920
2920 2921
2921 2922
2922 2923
2923 2924
2924 2925
2925 2926
2926 2927
2927 2928
2928 2929
2929 2930
2930 2931
2931 2932
2932 2933
2933 2934
2934 2935
2935 2936
2936 2937
2937 2938
2938 2939
2939 2940
2940 2941
2941 2942
2942 2943
2943 2944
2944 2945
2945 2946
2946 2947
2947 2948
2948 2949
2949 2950
2950 2951
2951 2952
2952 2953
2953 2954
2954 2955
2955 2956
2956 2957
2957 2958
2958 2959
2959 2960
2960 2961
2961 2962
2962 2963
2963 2964
2964 2965
2965 2966
2966 2967
2967 2968
2968 2969
2969 2970
2970 2971
2971 2972
2972 2973
2973 2974
2974 2975
2975 2976
2976 2977
2977 2978
2978 2979
2979 2980
2980 2981
2981 2982
2982 2983
2983 2984
2984 2985
2985 2986
2986 2987
2987 2988
2988 2989
2989 2990
2990 2991
2991 2992
2992 2993
2993 2994
2994 2995
2995 2996
2996 2997
2997 2998
2998 2999
2999 3000
3000 3001
3001 3002
3002 3003
3003 3004
3004 3005
3005 3006
3006 3007
3007 3008
3008 3009
3009 3010
3010 3011
3011 3012
3012 3013
3013 3014
3014 3015
3015 3016
3016 3017
3017 3018
3018 3019
3019 3020
3020 3021
3021 3022
3022 3023
3023 3024
3024 3025
3025 3026
3026 3027
3027 3028
3028 3029
3029 3030
3030 3031
3031 3032
3032 3033
3033 3034
3034 3035
3035 3036
3036 3037
3037 3038
3038 3039
3039 3040
3040 3041
3041 3042
3042 3043
3043 3044
3044 3045
3045 3046
3046 3047
3047 3048
3048 3049
3049 3050
3050 3051
3051 3052
3052 3053
3053 3054
3054 3055
3055 3056
3056 3057
3057 3058
3058 3059
3059 3060
3060 3061
3061 3062
3062 3063
3063 3064
3064 3065
3065 3066
3066 3067
3067 3068
3068 3069
3069 3070
3070 3071
3071 3072
3072 3073
3073 3074
3074 3075
3075 3076
3076 3077
3077 3078
3078 3079
3079 3080
3080 3081
3081 3082
3082 3083
3083 3084
3084 3085
3085 3086
3086 3087
3087 3088
3088 3089
3089 3090
3090 3091
3091 3092
3092 3093
3093 3094
3094 3095
3095 3096
3096 3097
3097 3098
3098 3099
3099 3100
3100 3101
3101 3102
3102 3103
3103 3104
3104 3105
3105 3106
3106 3107
3107 3108
3108 3109
3109 3110
3110 3111
3111 3112
3112 3113
3113 3114
3114 3115
3115 3116
3116 3117
3117 3118
3118 3119
3119 3120
3120 3121
3121 3122
3122 3123
3123 3124
3124 3125
3125 3126
3126 3127
3127 3128
3128 3129
3129 3130
3130 3131
3131 3132
3132 3133
3133 3134
3134 3135
3135 3136
3136 3137
3137 3138
3138 3139
3139 3140
3140 3141
3141 3142
3142 3143
3143 3144
3144 3145
3145 3146
3146 3147
3147 3148
3148 3149
3149 3150
3150 3151
3151 3152
3152 3153
3153 3154
3154 3155
3155 3156
3156 3157
3157 3158
3158 3159
3159 3160
3160 3161
3161 3162
3162 3163
3163 3164
3164 3165
3165 3166
3166 3167
3167 3168
3168 3169
3169 3170
3170 3171
3171 3172
3172 3173
3173 3174
3174 3175
3175 3176
3176 3177
3177 3178
3178 3179
3179 3180
3180 3181
3181 3182
3182 3183
3183 3184
3184 3185
3185 3186
3186 3187
3187 3188
3188 3189
3189 3190
3190 3191
3191 3192
3192 3193
3193 3194
3194 3195
3195 3196
3196 3197
3197 3198
3198 3199
3199 3200
3200 3201
3201 3202
3202 3203
3203 3204
3204 3205
3205 3206
3206 3207
3207 3208
3208 3209
3209 3210
3210 3211
3211 3212
3212 3213
3213 3214
3214 3215
3215 3216
3216 3217
3217 3218
3218 3219
3219 3220
3220 3221
3221 3222
3222 3223
3223 3224
3224 3225
3225 3226
3226 3227
3227 3228
3228 3229
3229 3230
3230 3231
3231 3232
3232 3233
3233 3234
3234 3235
3235 3236
3236 3237
3237 3238
3238 3239
3239 3240
3240 3241
3241 3242
3242 3243
3243 3244
3244 3245
3245 3246
3246 3247
3247 3248
3248 3249
3249 3250
3250 3251
3251 3252
3252 3253
3253 3254
3254 3255
3255 3256
3256 3257
3257 3258
3258 3259
3259 3260
3260 3261
3261 3262
3262 3263
3263 3264
3264 3265
3265 3266
3266 3267
3267 3268
3268 3269
3269 3270
3270 3271
3271 3272
3272 3273
3273 3274
3274 3275
3275 3276
3276 3277
3277 3278
3278 3279
3279 3280
3280 3281
3281 3282
3282 3283
3283 3284
3284 3285
3285 3286
3286 3287
3287 3288
3288 3289
3289 3290
3290 3291
3291 3292
3292 3293
3293 3294
3294 3295
3295 3296
3296 3297
3297 3298
3298 3299
3299 3300
3300 3301
3301 3302
3302 3303
3303 3304
3304 3305
3305 3306
3306 3307
3307 3308
3308 3309
3309 3310
3310 3311
3311 3312
3312 3313
3313 3314
3314 3315
3315 3316
3316 3317
3317 3318
3318 3319
3319 3320
3320 3321
3321 3322
3322 3323
3323 3324
3324 3325
3325 3326
3326 3327
3327 3328
3328 3329
3329 3330
3330 3331
3331 3332
3332 3333
3333 3334
3334 3335
3335 3336
3336 3337
3337 3338
3338 3339
3339 3340
3340 3341
3341 3342
3342 3343
3343 3344
3344 3345
3345 3346
3346 3347
3347 3348
3348 3349
3349 3350
3350 3351
3351 3352
3352 3353
3353 3354
3354 3355
3355 3356
3356 3357
3357 3358
3358 3359
3359 3360
3360 3361
3361 3362
3362 3363
3363 3364
3364 3365
3365 3366
3366 3367
3367 3368
3368 3369
3369 3370
3370 3371
3371 3372
3372 3373
3373 3374
3374 3375
3375 3376
3376 3377
3377 3378
3378 3379
3379 3380
3380 3381
3381 3382
3382 3383
3383 3384
3384 3385
3385 3386
3386 3387
3387 3388
3388 3389
3389 3390
3390 3391
3391 3392
3392 3393
3393 3394
3394 3395
3395 3396
3396 3397
3397 3398
3398 3399
3399 3400
3400 3401
3401 3402
3402 3403
3403 3404
3404 3405
3405 3406
3406 3407
3407 3408
3408 3409
3409 3410
3410 3411
3411 3412
3412 3413
3413 3414
3414 3415
3415 3416
3416 3417
3417 3418
3418 3419
3419 3420
3420 3421
3421 3422
3422 3423
3423 3424
3424 3425
3425 3426
3426 3427
3427 3428
3428 3429
3429 3430
3430 3431
3431 3432
3432 3433
3433 3434
3434 3435
3435 3436
3436 3437
3437 3438
3438 3439
3439 3440
3440 3441
3441 3442
3442 3443
3443 3444
3444 3445
3445 3446
3446 3447
3447 3448
3448 3449
3449 3450
3450 3451
3451 3452
3452 3453
3453 3454
3454 3455
3455 3456
3456 3457
3457 3458
3458 3459
3459 3460
3460 3461
3461 3462
3462 3463
3463 3464
3464 3465
3465 3466
3466 3467
3467 3468
3468 3469
3469 3470
3470 3471
3471 3472
3472 3473
3473 3474
3474 3475
3475 3476
3476 3477
3477 3478
3478 3479
3479 3480
3480 3481
3481 3482
3482 3483
3483 3484
3484 3485
3485 3486
3486 3487
3487 3488
3488 3489
3489 3490
3490 3491
3491 3492
3492 3493
3493 3494
3494 3495
3495 3496
3496 3497
3497 3498
3498 3499
3499 3500
3500 3501
3501 3502
3502 3503
3503 3504
3504 3505
3505 3506
3506 3507
3507 3508
3508 3509
3509 3510
3510 3511
3511 3512
3512 3513
3513 3514
3514 3515
3515 3516
3516 3517
3517 3518
3518 3519
3519 3520
3520 3521
3521 3522
3522 3523
3523 3524
3524 3525
3525 3526
3526 3527
3527 3528
3528 3529
3529 3530
3530 3531
3531 3532
3532 3533
3533 3534
3534 3535
3535 3536
3536 3537
3537 3538
3538 3539
3539 3540
3540 3541
3541 3542
3542 3543
3543 3544
3544 3545
3545 3546
3546 3547
3547 3548
3548 3549
3549 3550
3550 3551
3551 3552
3552 3553
3553 3554
3554 3555
3555 3556
3556 3557
3557 3558
3558 3559
3559 3560
3560 3561
3561 3562
3562 3563
3563 3564
3564 3565
3565 3566
3566 3567
3567 3568
3568 3569
3569 3570
3570 3571
3571 3572
3572 3573
3573 3574
3574 3575
3575 3576
3576 3577
3577 3578
3578 3579
3579 3580
3580 3581
3581 3582
3582 3583
3583 3584
3584 3585
3585 3586
3586 3587
3587 3588
3588 3589
3589 3590
3590 3591
3591 3592
3592 3593
3593 3594
3594 3595
3595 3596
3596 3597
3597 3598
3598 3599
3599 3600
3600 3601
3601 3602
3602 3603
3603 3604
3604 3605
3605 3606
3606 3607
3607 3608
3608 3609
3609 3610
3610 3611
3611 3612
3612 3613
3613 3614
3614 3615
3615 3616
3616 3617
3617 3618
3618 3619
3619 3620
3620 3621
3621 3622
3622 3623
3623 3624
3624 3625
3625 3626
3626 3627
3627 3628
3628 3629
3629 3630
3630 3631
3631 3632
3632 3633
3633 3634
3634 3635
3635 3636
3636 3637
3637 3638
3638 3639
3639 3640
3640 3641
3641 3642
3642 3643
3643 3644
3644 3645
3645 3646
3646 3647
3647 3648
3648 3649
3649 3650
3650 3651
3651 3652
3652 3653
3653 3654
3654 3655
3655 3656
3656 3657
3657 3658
3658 3659
3659 3660
3660 3661
3661 3662
3662 3663
3663 3664
3664 3665
3665 3666
3666 3667
3667 3668
3668 3669
3669 3670
3670 3671
3671 3672
3672 3673
3673 3674
3674 3675
3675 3676
3676 3677
3677 3678
3678 3679
3679 3680
3680 3681
3681 3682
3682 3683
3683 3684
3684 3685
3685 3686
3686 3687
3687 3688
3688 3689
3689 3690
3690 3691
3691 3692
3692 3693
3693 3694
3694 3695
3695 3696
3696 3697
3697 3698
3698 3699
3699 3700
3700 3701
3701 3702
3702 3703
3703 3704
3704 3705
3705 3706
3706 3707
3707 3708
3708 3709
3709 3710
3710 3711
3711 3712
3712 3713
3713 3714
3714 3715
3715 3716
3716 3717
3717 3718
3718 3719
3719 3720
3720 3721
3721 3722
3722 3723
3723 3724
3724 3725
3725 3726
3726 3727
3727 3728
3728 3729
3729 3730
3730 3731
3731 3732
3732 3733
3733 3734
3734 3735
3735 3736
3736 3737
3737 3738
3738 3739
3739 3740
3740 3741
3741 3742
3742 3743
3743 3744
3744 3745
3745 3746
3746 3747
3747 3748
3748 3749
3749 3750
3750 3751
3751 3752
3752 3753
3753 3754
3754 3755
3755 3756
3756 3757
3757 3758
3758 3759
3759 3760
3760 3761
3761 3762
3762 3763
3763 3764
3764 3765
3765 3766
3766 3767
3767 3768
3768 3769
3769 3770
3770 3771
3771 3772
3772 3773
3773 3774
3774 3775
3775 3776
3776 3777
3777 3778
3778 3779
3779 3780
3780 3781
3781 3782
3782 3783
3783 3784
3784 3785
3785 3786
3786 3787
3787 3788
3788 3789
3789 3790
3790 3791
3791 3792
3792 3793
3793 3794
3794 3795
3795 3796
3796 3797
3797 3798
3798 3799
3799 3800
3800 3801
3801 3802
3802 3803
3803 3804
3804 3805
3805 3806
3806 3807
3807 3808
3808 3809
3809 3810
3810 3811
3811 3812
3812 3813
3813 3814
3814 3815
3815 3816
3816 3817
3817 3818
3818 3819
3819 3820
3820 3821
3821 3822
3822 3823
3823 3824
3824 3825
3825 3826
3826 3827
3827 3828
3828 3829
3829 3830
3830 3831
3831 3832
3832 3833
3833 3834
3834 3835
3835 3836
3836 3837
3837 3838
3838 3839
3839 3840
3840 3841
3841 3842
3842 3843
3843 3844
3844 3845
3845 3846
3846 3847
3847 3848
3848 3849
3849 3850
3850 3851
3851 3852
3852 3853
3853 3854
3854 3855
3855 3856
3856 3857
3857 3858
3858 3859
3859 3860
3860 3861
3861 3862
3862 3863
3863 3864
3864 3865
3865 3866
3866 3867
3867 3868
3868 3869
3869 3870
3870 3871
3871 3872
3872 3873
3873 3874
3874 3875
3875 3876
3876 3877
3877 3878
3878 3879
3879 3880
3880 3881
3881 3882
3882 3883
3883 3884
3884 3885
3885 3886
3886 3887
3887 3888
3888 3889
3889 3890
3890 3891
3891 3892
3892 3893
3893 3894
3894 3895
3895 3896
3896 3897
3897 3898
3898 3899
3899 3900
3900 3901
3901 3902
3902 3903
3903 3904
3904 3905
3905 3906
3906 3907
3907 3908
3908 3909
3909 3910
3910 3911
3911 3912
3912 3913
3913 3914
3914 3915
3915 3916
3916 3917
3917 3918
3918 3919
3919 3920
3920 3921
3921 3922
3922 3923
3923 3924
3924 3925
3925 3926
3926 3927
3927 3928
3928 3929
3929 3930
3930 3931
3931 3932
3932 3933
3933 3934
3934 3935
3935 3936
3936 3937
3937 3938
3938 3939
3939 3940
3940 3941
3941 3942
3942 3943
3943 3944
3944 3945
3945 3946
3946 3947
3947 3948
3948 3949
3949 3950
3950 3951
3951 3952
3952 3953
3953 3954
3954 3955
3955 3956
3956 3957
3957 3958
3958 3959
3959 3960
3960 3961
3961 3962
3962 3963
3963 3964
3964 3965
3965 3966
3966 3967
3967 3968
3968 3969
3969 3970
3970 3971
3971 3972
3972 3973
3973 3974
3974 3975
3975 3976
3976 3977
3977 3978
3978 3979
3979 3980
3980 3981
3981 3982
3982 3983
3983 3984
3984 3985
3985 3986
3986 3987
3987 3988
3988 3989
3989 3990
3990 3991
3991 3992
3992 3993
3993 3994
3994 3995
3995 3996
3996 3997
3997 3998
3998 3999
3999 4000
661 4001
80 4002
648 4003
3441 4004
2026 4005
2183 4006
2057 4007
2374 4008
2809 4009
601 4010
3939 4011
768 4012
1737 4013
824 4014
2023 4015
1591 4016
3601 4017
316 4018
3893 4019
2346 4020
53 4021
3368 4022
2343 4023
1619 4024
3381 4025
3454 4026
1022 4027
1170 4028
252 4029
305 4030
3096 4031
2926 4032
1902 4033
1629 4034
2398 4035
383 4036
1196 4037
1962 4038
3425 4039
2830 4040
3696 4041
1251 4042
1281 4043
734 4044
3177 4045
3387 4046
2838 4047
2378 4048
3441 4049
1643 4050
3610 4051
2807 4052
2602 4053
1312 4054
698 4055
1048 4056
3988 4057
627 4058
2848 4059
218 4060
844 4061
1118 4062
2101 4063
2351 4064
1492 4065
2055 4066
1041 4067
2856 4068
210 4069
2340 4070
216 4071
1134 4072
1054 4073
150 4074
248 4075
1378 4076
3231 4077
4069 4078
586 4079
2984 4080
3699 4081
1856 4082
2299 4083
451 4084
2766 4085
61 4086
3974 4087
70 4088
2840 4089
1005 4090
1825 4091
895 4092
213 4093
2623 4094
1350 4095
947 4096
1947 4097
305 4098
258 4099
3537 4100
644 4101
2475 4102
923 4103
876 4104
3677 4105
1022 4106
735 4107
352 4108
75 4109
3481 4110
3832 4111
1700 4112
1302 4113
3983 4114
2027 4115
1292 4116
853 4117
3695 4118
3851 4119
3833 4120
3288 4121
2428 4122
3362 4123
2016 4124
2605 4125
3472 4126
3141 4127
3394 4128
3391 4129
3126 4130
875 4131
1321 4132
4065 4133
3546 4134
2824 4135
1145 4136
2274 4137
1637 4138
576 4139
3312 4140
519 4141
928 4142
1609 4143
2751 4144
2310 4145
3061 4146
123 4147
2825 4148
1825 4149
2402 4150
3295 4151
4130 4152
4116 4153
1851 4154
3653 4155
3546 4156
3620 4157
2222 4158
4103 4159
3817 4160
3698 4161
2883 4162
4007 4163
2593 4164
2299 4165
2769 4166
420 4167
2226 4168
840 4169
826 4170
3307 4171
2684 4172
3224 4173
2108 4174
526 4175
1822 4176
3676 4177
377 4178
3030 4179
737 4180
2541 4181
3189 4182
316 4183
3065 4184
1716 4185
1774 4186
1586 4187
230 4188
179 4189
2041 4190
3828 4191
356 4192
3191 4193
273 4194
1685 4195
33 4196
3353 4197
2416 4198
1556 4199
2449 4200
804 4201
2222 4202
1067 4203
1649 4204
116 4205
1988 4206
3304 4207
334 4208
865 4209
3533 4210
3120 4211
813 4212
634 4213
3688 4214
3905 4215
1768 4216
2796 4217
1838 4218
3674 4219
624 4220
241 4221
1765 4222
380 4223
896 4224
332 4225
750 4226
455 4227
4085 4228
2630 4229
1980 4230
1751 4231
3361 4232
1150 4233
954 4234
3941 4235
2721 4236
1624 4237
1695 4238
3068 4239
2173 4240
3470 4241
2391 4242
1840 4243
1989 4244
791 4245
1833 4246
4229 4247
2365 4248
3392 4249
195 4250
2309 4251
1558 4252
142 4253
241 4254
687 4255
1986 4256
3034 4257
2240 4258
3242 4259
864 4260
2266 4261
943 4262
3711 4263
3306 4264
139 4265
2071 4266
2865 4267
1621 4268
3166 4269
3046 4270
2501 4271
3351 4272
910 4273
1523 4274
3847 4275
2243 4276
588 4277
3935 4278
3567 4279
3676 4280
263 4281
869 4282
1082 4283
524 4284
1553 4285
2013 4286
1465 4287
3540 4288
155 4289
2684 4290
325 4291
2490 4292
1463 4293
2214 4294
4010 4295
3350 4296
2741 4297
2743 4298
3912 4299
2323 4300
3574 4301
2202 4302
3918 4303
16 4304
4250 4305
747 4306
3039 4307
2728 4308
117 4309
3249 4310
202 4311
965 4312
1835 4313
2545 4314
1140 4315
4182 4316
1162 4317
2597 4318
2694 4319
3960 4320
1450 4321
2515 4322
166 4323
3658 4324
556 4325
1649 4326
1650 4327
1537 4328
1949 4329
1094 4330
3861 4331
3160 4332
1704 4333
4198 4334
577 4335
3135 4336
614 4337
2002 4338
2460 4339
3580 4340
1344 4341
313 4342
3897 4343
2335 4344
447 4345
1414 4346
3145 4347
2966 4348
3612 4349
2477 4350
2963 4351
3095 4352
2495 4353
3980 4354
3074 4355
2470 4356
2192 4357
2897 4358
3091 4359
413 4360
2143 4361
1472 4362
1798 4363
2428 4364
2384 4365
3781 4366
2809 4367
519 4368
633 4369
275 4370
1234 4371
1880 4372
3903 4373
2725 4374
17 4375
3971 4376
960 4377
957 4378
396 4379
2809 4380
3413 4381
710 4382
2974 4383
3354 4384
1182 4385
829 4386
709 4387
3433 4388
4307 4389
2703 4390
1240 4391
2940 4392
1073 4393
2268 4394
2458 4395
2702 4396
327 4397
927 4398
1997 4399
3516 4400
2691 4401
3142 4402
665 4403
3524 4404
3747 4405
3448 4406
194 4407
2936 4408
2291 4409
3479 4410
2902 4411
1011 4412
4243 4413
3596 4414
1283 4415
1082 4416
3847 4417
466 4418
536 4419
972 4420
4417 4421
3305 4422
2169 4423
2954 4424
3168 4425
1976 4426
203 4427
1979 4428
2714 4429
741 4430
3141 4431
76 4432
201 4433
253 4434
1634 4435
1821 4436
3322 4437
4336 4438
3950 4439
73 4440
842 4441
3144 4442
2929 4443
2820 4444
1808 4445
1302 4446
2274 4447
3077 4448
4397 4449
4222 4450
3687 4451
668 4452
1288 4453
3412 4454
2605 4455
68 4456
3417 4457
624 4458
1151 4459
325 4460
3524 4461
4024 4462
1923 4463
1893 4464
1097 4465
407 4466
2271 4467
1849 4468
2782 4469
1727 4470
4247 4471
2766 4472
4331 4473
1698 4474
1817 4475
2085 4476
2498 4477
1849 4478
863 4479
2106 4480
892 4481
4102 4482
1463 4483
3191 4484
595 4485
3273 4486
4467 4487
2889 4488
1688 4489
1695 4490
3792 4491
2795 4492
4275 4493
993 4494
4471 4495
3104 4496
939 4497
84 4498
947 4499
3912 4500
809 4501
2474 4502
57 4503
2623 4504
1365 4505
1246 4506
1990 4507
3523 4508
1205 4509
2864 4510
150 4511
3766 4512
1361 4513
3648 4514
729 4515
2701 4516
783 4517
2360 4518
35 4519
3071 4520
2258 4521
2729 4522
2096 4523
4027 4524
1293 4525
1555 4526
4515 4527
1214 4528
3811 4529
2050 4530
25 4531
963 4532
3029 4533
4416 4534
2741 4535
2289 4536
995 4537
460 4538
3090 4539
1240 4540
1274 4541
4360 4542
2629 4543
51 4544
4070 4545
1790 4546
876 4547
2172 4548
1130 4549
10 4550
1176 4551
2095 4552
4235 4553
2137 4554
171 4555
2820 4556
1587 4557
3100 4558
1164 4559
1909 4560
3857 4561
4102 4562
1248 4563
3380 4564
1526 4565
3869 4566
1043 4567
2011 4568
896 4569
4171 4570
4533 4571
2755 4572
3537 4573
2473 4574
478 4575
86 4576
3293 4577
2216 4578
710 4579
68 4580
3946 4581
2099 4582
218 4583
3956 4584
2602 4585
689 4586
24 4587
3964 4588
1095 4589
293 4590
1473 4591
288 4592
2696 4593
4411 4594
164 4595
3199 4596
2822 4597
1109 4598
1813 4599
4390 4600
1172 4601
1865 4602
4299 4603
3034 4604
4166 4605
3854 4606
2290 4607
328 4608
3873 4609
1619 4610
3164 4611
3469 4612
121 4613
1994 4614
2999 4615
515 4616
2900 4617
4434 4618
1303 4619
3203 4620
2932 4621
4457 4622
2151 4623
1060 4624
998 4625
2163 4626
1692 4627
237 4628
3304 4629
4282 4630
161 4631
2615 4632
2641 4633
3495 4634
1435 4635
4541 4636
2678 4637
2900 4638
3763 4639
4591 4640
401 4641
646 4642
164 4643
4277 4644
2993 4645
2819 4646
531 4647
1817 4648
435 4649
2497 4650
2058 4651
3168 4652
2953 4653
722 4654
974 4655
889 4656
3130 4657
813 4658
1726 4659
3637 4660
932 4661
1276 4662
3793 4663
4532 4664
1745 4665
2478 4666
2773 4667
799 4668
4361 4669
1111 4670
2900 4671
1023 4672
3903 4673
3764 4674
2653 4675
4149 4676
84 4677
2239 4678
1436 4679
2508 4680
4285 4681
4532 4682
2322 4683
1682 4684
1262 4685
2424 4686
4013 4687
3785 4688
1736 4689
1615 4690
1512 4691
358 4692
4375 4693
2953 4694
1174 4695
2398 4696
894 4697
841 4698
1702 4699
6 4700
1631 4701
1015 4702
2194 4703
2692 4704
3643 4705
833 4706
4539 4707
278 4708
2902 4709
316 4710
1295 4711
2175 4712
2785 4713
3294 4714
2370 4715
3055 4716
2851 4717
2718 4718
1990 4719
2364 4720
3218 4721
24 4722
215 4723
1569 4724
758 4725
2340 4726
106 4727
3743 4728
2141 4729
3563 4730
1457 4731
277 4732
1733 4733
4557 4734
1823 4735
639 4736
3188 4737
2980 4738
2719 4739
3365 4740
853 4741
4129 4742
3727 4743
3551 4744
2918 4745
1918 4746
4689 4747
4018 4748
3915 4749
1985 4750
3774 4751
1752 4752
637 4753
3973 4754
1172 4755
3211 4756
2315 4757
2920 4758
2257 4759
4170 4760
3739 4761
2709 4762
2588 4763
4658 4764
2303 4765
1029 4766
3581 4767
1287 4768
341 4769
4460 4770
916 4771
3325 4772
756 4773
180 4774
4425 4775
786 4776
4555 4777
117 4778
3566 4779
3881 4780
2568 4781
309 4782
2831 4783
1619 4784
2228 4785
4347 4786
4720 4787
1370 4788
4785 4789
1046 4790
865 4791
3183 4792
1355 4793
2421 4794
2538 4795
251 4796
2707 4797
4081 4798
1827 4799
96 4800
2485 4801
954 4802
4179 4803
1748 4804
1306 4805
2973 4806
1115 4807
2544 4808
1650 4809
2443 4810
284 4811
2690 4812
2304 4813
620 4814
1621 4815
761 4816
1811 4817
3648 4818
4050 4819
3964 4820
4372 4821
12 4822
1413 4823
3857 4824
6 4825
3148 4826
2962 4827
442 4828
2207 4829
3587 4830
3087 4831
3898 4832
1670 4833
4218 4834
425 4835
2735 4836
2120 4837
204 4838
1544 4839
2532 4840
3944 4841
3043 4842
2416 4843
88 4844
746 4845
1777 4846
346 4847
1926 4848
3989 4849
3747 4850
3636 4851
3923 4852
2245 4853
4172 4854
4419 4855
1394 4856
866 4857
4044 4858
1728 4859
4722 4860
1985 4861
4252 4862
2466 4863
2445 4864
3397 4865
2474 4866
2794 4867
4312 4868
1496 4869
4588 4870
86 4871
2800 4872
3918 4873
4106 4874
4674 4875
2144 4876
2319 4877
4232 4878
2189 4879
1829 4880
1227 4881
3858 4882
82 4883
2103 4884
4052 4885
1918 4886
1204 4887
2449 4888
1801 4889
4883 4890
2544 4891
2210 4892
937 4893
2578 4894
4016 4895
460 4896
656 4897
2418 4898
2326 4899
2990 4900
2442 4901
2974 4902
3558 4903
2613 4904
1755 4905
4328 4906
1445 4907
459 4908
2397 4909
2549 4910
1445 4911
481 4912
2738 4913
1453 4914
2778 4915
2593 4916
259 4917
3132 4918
4387 4919
344 4920
2944 4921
2786 4922
879 4923
3089 4924
3191 4925
2313 4926
3459 4927
439 4928
173 4929
463 4930
1292 4931
3366 4932
114 4933
2237 4934
3298 4935
2610 4936
6 4937
2294 4938
4281 4939
3674 4940
2334 4941
2289 4942
4924 4943
4361 4944
4944 4945
1726 4946
3093 4947
4406 4948
3045 4949
1650 4950
1110 4951
4532 4952
27 4953
3267 4954
1235 4955
331 4956
242 4957
4526 4958
3673 4959
1372 4960
1336 4961
1616 4962
765 4963
264 4964
3527 4965
2840 4966
672 4967
323 4968
1724 4969
2288 4970
711 4971
3489 4972
59 4973
2793 4974
4738 4975
1450 4976
2574 4977
3646 4978
3696 4979
3802 4980
4708 4981
2441 4982
1009 4983
1942 4984
3832 4985
4234 4986
360 4987
573 4988
3300 4989
1203 4990
58 4991
2526 4992
4189 4993
683 4994
2640 4995
2763 4996
3853 4997
4915 4998
2005 4999
4392 5000
135 5001
4352 5002
914 5003
548 5004
1833 5005
4044 5006
3841 5007
2729 5008
754 5009
1349 5010
694 5011
1169 5012
3132 5013
359 5014
2212 5015
3124 5016
4648 5017
3198 5018
2260 5019
711 5020
1558 5021
3630 5022
1028 5023
3529 5024
693 5025
4594 5026
186 5027
1783 5028
1340 5029
1309 5030
2982 5031
3999 5032
203 5033
3023 5034
528 5035
3725 5036
1794 5037
2587 5038
1318 5039
2879 5040
4139 5041
4847 5042
3962 5043
2490 5044
4168 5045
142 5046
4433 5047
2198 5048
1902 5049
756 5050
4403 5051
583 5052
955 5053
490 5054
1346 5055
2449 5056
864 5057
4885 5058
2551 5059
226 5060
4798 5061
4512 5062
3738 5063
1632 5064
65 5065
5025 5066
980 5067
2977 5068
4785 5069
668 5070
1704 5071
57 5072
2719 5073
4178 5074
3196 5075
3343 5076
2313 5077
826 5078
699 5079
2398 5080
3614 5081
327 5082
1151 5083
2195 5084
3199 5085
5033 5086
4860 5087
3857 5088
4038 5089
4107 5090
3228 5091
1560 5092
775 5093
409 5094
3473 5095
1761 5096
836 5097
4941 5098
716 5099
27 5100
3445 5101
4896 5102
4439 5103
274 5104
4867 5105
616 5106
4935 5107
3138 5108
4214 5109
4567 5110
29 5111
906 5112
206 5113
83 5114
3205 5115
1853 5116
1235 5117
2021 5118
979 5119
1978 5120
367 5121
5104 5122
2153 5123
1264 5124
2075 5125
2044 5126
476 5127
2181 5128
809 5129
2781 5130
4094 5131
1351 5132
3852 5133
4537 5134
136 5135
4901 5136
4128 5137
5081 5138
4065 5139
2015 5140
1302 5141
4335 5142
4328 5143
3149 5144
451 5145
4173 5146
5023 5147
1147 5148
608 5149
387 5150
1457 5151
2855 5152
4250 5153
4994 5154
3376 5155
3308 5156
4731 5157
1853 5158
2291 5159
3680 5160
2641 5161
374 5162
4284 5163
1525 5164
2504 5165
4485 5166
3958 5167
3839 5168
3236 5169
4001 5170
4964 5171
1364 5172
3910 5173
2988 5174
358 5175
438 5176
4155 5177
3098 5178
815 5179
3528 5180
674 5181
1659 5182
4718 5183
3406 5184
2899 5185
2805 5186
4010 5187
2164 5188
329 5189
405 5190
3894 5191
34 5192
1390 5193
4722 5194
219 5195
2606 5196
3288 5197
2955 5198
593 5199
1657 5200
806 5201
4538 5202
311 5203
135 5204
4725 5205
455 5206
4060 5207
540 5208
5079 5209
5117 5210
1615 5211
3306 5212
1925 5213
1146 5214
3821 5215
977 5216
157 5217
2729 5218
3240 5219
3149 5220
1960 5221
3478 5222
3399 5223
1986 5224
4226 5225
5010 5226
4062 5227
1920 5228
638 5229
2699 5230
4251 5231
3768 5232
2408 5233
5087 5234
2757 5235
2318 5236
406 5237
928 5238
4634 5239
3912 5240
4077 5241
3841 5242
2399 5243
1311 5244
512 5245
5220 5246
2563 5247
3377 5248
4313 5249
5142 5250
2515 5251
1789 5252
1992 5253
4920 5254
2160 5255
1057 5256
624 5257
193 5258
1695 5259
187 5260
100 5261
2913 5262
3313 5263
1357 5264
1166 5265
3520 5266
4796 5267
2160 5268
3758 5269
4440 5270
3731 5271
4433 5272
750 5273
3691 5274
1979 5275
4963 5276
5054 5277
202 5278
3771 5279
4554 5280
1232 5281
1369 5282
2866 5283
604 5284
3673 5285
859 5286
3748 5287
91 5288
4285 5289
3675 5290
3226 5291
2124 5292
1132 5293
1174 5294
4690 5295
1585 5296
2346 5297
4895 5298
993 5299
2171 5300
4086 5301
4523 5302
4755 5303
1723 5304
3747 5305
3256 5306
2885 5307
762 5308
3002 5309
2179 5310
774 5311
4370 5312
4843 5313
2525 5314
3160 5315
3885 5316
109 5317
1656 5318
655 5319
2566 5320
1862 5321
4064 5322
5176 5323
4473 5324
4414 5325
1218 5326
131 5327
1322 5328
3999 5329
2860 5330
1767 5331
2355 5332
4265 5333
2508 5334
1286 5335
3227 5336
4415 5337
273 5338
1998 5339
4536 5340
739 5341
648 5342
2157 5343
1874 5344
2687 5345
4354 5346
2026 5347
5289 5348
2822 5349
4336 5350
3637 5351
4894 5352
3536 5353
1358 5354
4123 5355
2766 5356
3589 5357
3621 5358
3228 5359
1632 5360
2571 5361
251 5362
1118 5363
4525 5364
2651 5365
504 5366
2374 5367
4350 5368
2118 5369
3741 5370
2859 5371
3951 5372
4562 5373
857 5374
1881 5375
58 5376
3523 5377
4079 5378
423 5379
208 5380
2917 5381
4451 5382
2473 5383
3239 5384
5149 5385
1272 5386
5298 5387
603 5388
5014 5389
899 5390
3336 5391
2734 5392
434 5393
608 5394
1926 5395
36 5396
3574 5397
4305 5398
4580 5399
2107 5400
1626 5401
973 5402
1331 5403
5067 5404
403 5405
3980 5406
1986 5407
2092 5408
3913 5409
1468 5410
4307 5411
4608 5412
3455 5413
3492 5414
2666 5415
5005 5416
5031 5417
3334 5418
3534 5419
743 5420
147 5421
1342 5422
2703 5423
187 5424
3415 5425
2412 5426
4908 5427
332 5428
768 5429
4349 5430
1354 5431
2514 5432
1199 5433
2105 5434
2476 5435
5355 5436
2501 5437
3909 5438
3504 5439
4190 5440
1180 5441
2243 5442
164 5443
4116 5444
4591 5445
2663 5446
125 5447
5166 5448
258 5449
1731 5450
3342 5451
2641 5452
4108 5453
3546 5454
5160 5455
5315 5456
2497 5457
837 5458
5026 5459
1299 5460
614 5461
5183 5462
1721 5463
3266 5464
5207 5465
3972 5466
2754 5467
4585 5468
5223 5469
5440 5470
5131 5471
4261 5472
2964 5473
890 5474
3941 5475
424 5476
5299 5477
469 5478
1631 5479
2480 5480
2978 5481
432 5482
4490 5483
2191 5484
4770 5485
3708 5486
1946 5487
1015 5488
5013 5489
4317 5490
2828 5491
2012 5492
4709 5493
307 5494
3842 5495
812 5496
2151 5497
2080 5498
3818 5499
2225 5500
2328 5501
4507 5502
2884 5503
1613 5504
2339 5505
4120 5506
3787 5507
4279 5508
4551 5509
271 5510
5091 5511
934 5512
3004 5513
4896 5514
4819 5515
4530 5516
3127 5517
896 5518
5086 5519
3104 5520
3474 5521
3400 5522
826 5523
2756 5524
3072 5525
4885 5526
3360 5527
3484 5528
4550 5529
3198 5530
4270 5531
2895 5532
2592 5533
4649 5534
4199 5535
3430 5536
5462 5537
209 5538
3208 5539
1647 5540
4959 5541
1614 5542
3062 5543
5234 5544
3711 5545
2488 5546
3386 5547
1158 5548
2002 5549
578 5550
1274 5551
2012 5552
56 5553
2238 5554
3352 5555
4433 5556
2797 5557
2632 5558
2810 5559
3686 5560
2452 5561
3428 5562
922 5563
4747 5564
4552 5565
3645 5566
3089 5567
1581 5568
2691 5569
2211 5570
2226 5571
2642 5572
757 5573
3055 5574
2933 5575
2797 5576
3928 5577
1497 5578
729 5579
3806 5580
1515 5581
1834 5582
4381 5583
5218 5584
4958 5585
5208 5586
182 5587
2976 5588
141 5589
4968 5590
632 5591
4627 5592
2201 5593
2082 5594
4279 5595
975 5596
2351 5597
3779 5598
3870 5599
5148 5600
3627 5601
1977 5602
2492 5603
2371 5604
3834 5605
3525 5606
1703 5607
1589 5608
941 5609
3651 5610
5381 5611
4845 5612
2946 5613
1211 5614
3131 5615
1133 5616
2672 5617
166 5618
2441 5619
2408 5620
1604 5621
4 5622
4125 5623
2624 5624
2260 5625
67 5626
1465 5627
2483 5628
5104 5629
3577 5630
1161 5631
3828 5632
5149 5633
1138 5634
2555 5635
5414 5636
1092 5637
57 5638
1640 5639
2281 5640
1059 5641
2403 5642
4006 5643
393 5644
386 5645
1967 5646
3401 5647
429 5648
453 5649
1339 5650
3555 5651
3500 5652
1636 5653
2324 5654
4145 5655
1834 5656
3563 5657
690 5658
4596 5659
3161 5660
4989 5661
693 5662
4614 5663
4180 5664
2879 5665
114 5666
4967 5667
1876 5668
5229 5669
704 5670
2432 5671
4307 5672
805 5673
4000 5674
2347 5675
3071 5676
5229 5677
26 5678
2965 5679
3426 5680
2739 5681
1962 5682
4375 5683
5386 5684
1110 5685
1444 5686
160 5687
2834 5688
5461 5689
5644 5690
1 5691
2386 5692
5331 5693
2906 5694
2194 5695
3260 5696
4123 5697
4749 5698
3377 5699
2292 5700
4496 5701
4425 5702
3539 5703
219 5704
664 5705
1909 5706
1871 5707
3685 5708
1030 5709
3374 5710
4840 5711
3928 5712
264 5713
620 5714
962 5715
2819 5716
287 5717
1620 5718
2261 5719
3460 5720
2160 5721
4314 5722
2837 5723
3870 5724
4563 5725
2658 5726
882 5727
5466 5728
1303 5729
3615 5730
5263 5731
2442 5732
802 5733
2309 5734
2224 5735
2885 5736
2094 5737
3073 5738
2301 5739
2436 5740
3119 5741
3155 5742
880 5743
1020 5744
966 5745
2522 5746
1068 5747
461 5748
692 5749
430 5750
4530 5751
4528 5752
521 5753
4588 5754
3838 5755
1054 5756
1677 5757
4180 5758
585 5759
3188 5760
1802 5761
4714 5762
1111 5763
5287 5764
117 5765
5683 5766
2496 5767
2855 5768
2297 5769
2530 5770
4353 5771
4895 5772
698 5773
2184 5774
2973 5775
5584 5776
4757 5777
4762 5778
2663 5779
3549 5780
4032 5781
1235 5782
4165 5783
1664 5784
1812 5785
1194 5786
1041 5787
5174 5788
744 5789
4127 5790
5077 5791
3991 5792
4103 5793
5166 5794
5033 5795
2096 5796
1555 5797
2269 5798
1131 5799
891 5800
448 5801
1406 5802
3333 5803
1667 5804
3562 5805
3322 5806
2664 5807
2680 5808
5678 5809
898 5810
2500 5811
1819 5812
3880 5813
36 5814
2664 5815
5197 5816
3929 5817
1813 5818
4898 5819
1714 5820
2433 5821
820 5822
1075 5823
4777 5824
4336 5825
3521 5826
4659 5827
2755 5828
121 5829
773 5830
3538 5831
3876 5832
4778 5833
4736 5834
5180 5835
4327 5836
3719 5837
3677 5838
1649 5839
1059 5840
5745 5841
5526 5842
2958 5843
5210 5844
583 5845
3343 5846
3835 5847
3458 5848
454 5849
2582 5850
5702 5851
5251 5852
1530 5853
2288 5854
5798 5855
4645 5856
1407 5857
2866 5858
4241 5859
4083 5860
5685 5861
3400 5862
1086 5863
5688 5864
4829 5865
1528 5866
3512 5867
2765 5868
1244 5869
122 5870
2775 5871
718 5872
4343 5873
2823 5874
3796 5875
3657 5876
2677 5877
3058 5878
1924 5879
4327 5880
1745 5881
5299 5882
518 5883
5779 5884
4664 5885
1938 5886
685 5887
571 5888
2795 5889
1708 5890
3030 5891
152 5892
3203 5893
4920 5894
739 5895
166 5896
2881 5897
3924 5898
2107 5899
3721 5900
5462 5901
4351 5902
1735 5903
2989 5904
5435 5905
1738 5906
5586 5907
599 5908
838 5909
984 5910
5755 5911
576 5912
5713 5913
4510 5914
4324 5915
3291 5916
4972 5917
3614 5918
3707 5919
3937 5920
2206 5921
2351 5922
1770 5923
288 5924
4436 5925
4356 5926
4079 5927
2059 5928
4383 5929
3745 5930
3574 5931
1455 5932
1934 5933
5424 5934
5234 5935
195 5936
3511 5937
3245 5938
336 5939
4605 5940
3577 5941
2412 5942
4262 5943
5758 5944
764 5945
2030 5946
4842 5947
2895 5948
5193 5949
1742 5950
3362 5951
4793 5952
4840 5953
1990 5954
528 5955
3517 5956
4455 5957
4004 5958
4652 5959
2521 5960
4953 5961
3178 5962
742 5963
2390 5964
646 5965
3677 5966
4436 5967
810 5968
3481 5969
4602 5970
470 5971
5078 5972
951 5973
204 5974
5892 5975
3293 5976
4861 5977
2271 5978
1144 5979
4711 5980
1769 5981
2381 5982
1335 5983
5391 5984
2647 5985
2873 5986
4346 5987
3951 5988
2646 5989
335 5990
2174 5991
108 5992
5081 5993
4427 5994
3398 5995
4266 5996
728 5997
4119 5998
201 5999
138 6000
2866 6001
3887 6002
619 6003
1093 6004
113 6005
3796 6006
4591 6007
5856 6008
3805 6009
3952 6010
5022 6011
3870 6012
5233 6013
17 6014
3767 6015
2784 6016
4188 6017
4114 6018
3746 6019
5378 6020
2096 6021
5255 6022
1448 6023
2195 6024
3811 6025
123 6026
666 6027
5649 6028
1331 6029
192 6030
3279 6031
2601 6032
1671 6033
646 6034
421 6035
137 6036
3932 6037
276 6038
1660 6039
723 6040
1518 6041
941 6042
2252 6043
2811 6044
60 6045
818 6046
4510 6047
3169 6048
1586 6049
33 6050
1193 6051
1128 6052
3782 6053
222 6054
3760 6055
1096 6056
1601 6057
521 6058
5992 6059
597 6060
5321 6061
1215 6062
5901 6063
1053 6064
2730 6065
4189 6066
2891 6067
2618 6068
4844 6069
749 6070
1435 6071
5689 6072
4810 6073
2742 6074
2255 6075
2702 6076
360 6077
2066 6078
2318 6079
5543 6080
1236 6081
129 6082
3256 6083
277 6084
2643 6085
3569 6086
5497 6087
6030 6088
906 6089
812 6090
846 6091
2475 6092
2309 6093
3396 6094
4384 6095
5453 6096
5785 6097
2468 6098
4651 6099
803 6100
10 6101
4085 6102
1082 6103
239 6104
1647 6105
2319 6106
5589 6107
1842 6108
773 6109
5206 6110
3466 6111
3904 6112
5775 6113
2005 6114
3639 6115
1022 6116
4052 6117
5900 6118
3579 6119
3612 6120
1716 6121
5856 6122
1276 6123
1377 6124
1631 6125
1192 6126
5344 6127
4565 6128
3045 6129
2426 6130
1673 6131
4250 6132
4822 6133
2111 6134
5537 6135
4074 6136
913 6137
4787 6138
2722 6139
1495 6140
5956 6141
1942 6142
5420 6143
1189 6144
5484 6145
2376 6146
600 6147
4820 6148
14 6149
5932 6150
2022 6151
2310 6152
3335 6153
3970 6154
3847 6155
5022 6156
4832 6157
2925 6158
1563 6159
1698 6160
2648 6161
1283 6162
6138 6163
4704 6164
1056 6165
5052 6166
3993 6167
267 6168
416 6169
2150 6170
4930 6171
3481 6172
4650 6173
91 6174
5670 6175
3045 6176
4761 6177
193 6178
5092 6179
4595 6180
1872 6181
1460 6182
2344 6183
2761 6184
636 6185
4900 6186
5690 6187
1845 6188
4011 6189
4526 6190
2044 6191
4348 6192
3893 6193
3768 6194
3110 6195
5129 6196
2182 6197
4161 6198
3544 6199
1977 6200
3903 6201
867 6202
5258 6203
5479 6204
5469 6205
1143 6206
1310 6207
968 6208
564 6209
2464 6210
5158 6211
5512 6212
2065 6213
449 6214
1002 6215
1727 6216
2888 6217
4838 6218
2566 6219
219 6220
4747 6221
2304 6222
4187 6223
6106 6224
4048 6225
3097 6226
599 6227
4690 6228
1746 6229
2713 6230
338 6231
1137 6232
5643 6233
6021 6234
2900 6235
1139 6236
257 6237
5526 6238
828 6239
150 6240
1086 6241
2296 6242
5803 6243
3315 6244
865 6245
4696 6246
5684 6247
5207 6248
3391 6249
3264 6250
3627 6251
456 6252
2492 6253
1829 6254
1477 6255
1850 6256
1416 6257
2776 6258
272 6259
2441 6260
4004 6261
3487 6262
4232 6263
5346 6264
6141 6265
1348 6266
2948 6267
3719 6268
4629 6269
2340 6270
1254 6271
4539 6272
3696 6273
599 6274
4374 6275
5913 6276
5596 6277
3089 6278
1933 6279
5161 6280
4478 6281
578 6282
4489 6283
1458 6284
5509 6285
1725 6286
445 6287
737 6288
4746 6289
5943 6290
947 6291
6270 6292
4454 6293
2432 6294
6179 6295
5983 6296
1654 6297
4077 6298
1805 6299
373 6300
463 6301
3219 6302
4614 6303
2339 6304
2864 6305
359 6306
4706 6307
2793 6308
5696 6309
2884 6310
685 6311
4665 6312
405 6313
45 6314
1622 6315
1629 6316
3643 6317
1462 6318
2479 6319
2838 6320
4117 6321
1888 6322
3780 6323
289 6324
5409 6325
5203 6326
4357 6327
5657 6328
6172 6329
5113 6330
3074 6331
1650 6332
963 6333
6290 6334
5427 6335
4282 6336
1057 6337
170 6338
1517 6339
4725 6340
4638 6341
5950 6342
2385 6343
1578 6344
6243 6345
574 6346
4104 6347
521 6348
2094 6349
2317 6350
3006 6351
4437 6352
6288 6353
2277 6354
2119 6355
3050 6356
5035 6357
2034 6358
713 6359
3408 6360
4946 6361
375 6362
5641 6363
5689 6364
5588 6365
3628 6366
130 6367
2376 6368
2842 6369
5451 6370
1079 6371
1434 6372
3754 6373
1828 6374
4576 6375
4884 6376
1361 6377
4160 6378
3238 6379
1831 6380
3819 6381
2408 6382
6336 6383
4797 6384
192 6385
2953 6386
5640 6387
3751 6388
1765 6389
2680 6390
1273 6391
3937 6392
6239 6393
3204 6394
3625 6395
1900 6396
5428 6397
1654 6398
777 6399
4052 6400
5338 6401
1564 6402
1729 6403
4032 6404
6165 6405
6249 6406
5034 6407
1404 6408
3274 6409
1747 6410
2368 6411
4012 6412
6259 6413
4425 6414
4173 6415
1684 6416
3579 6417
2098 6418
105 6419
623 6420
1898 6421
3658 6422
2502 6423
1554 6424
1720 6425
472 6426
1298 6427
5263 6428
32 6429
4006 6430
3005 6431
2862 6432
2558 6433
922 6434
678 6435
2259 6436
3699 6437
4295 6438
1932 6439
1804 6440
876 6441
2193 6442
3817 6443
4278 6444
406 6445
5002 6446
2338 6447
1864 6448
2933 6449
6323 6450
2365 6451
4313 6452
2989 6453
2858 6454
2405 6455
3867 6456
109 6457
5899 6458
6190 6459
671 6460
4420 6461
1151 6462
4449 6463
5899 6464
4876 6465
442 6466
4278 6467
2256 6468
1441 6469
5453 6470
4802 6471
4808 6472
5771 6473
2548 6474
1192 6475
4944 6476
2652 6477
5070 6478
5970 6479
4383 6480
3029 6481
5503 6482
2859 6483
3168 6484
473 6485
445 6486
5908 6487
5850 6488
6246 6489
6383 6490
462 6491
4941 6492
4172 6493
2051 6494
5939 6495
6440 6496
1711 6497
3380 6498
5855 6499
5983 6500
4781 6501
4434 6502
659 6503
2485 6504
1609 6505
1385 6506
5386 6507
4096 6508
3096 6509
4569 6510
2897 6511
5426 6512
3287 6513
4016 6514
195 6515
4014 6516
5587 6517
2006 6518
2253 6519
358 6520
2350 6521
2217 6522
5822 6523
3438 6524
936 6525
6161 6526
5490 6527
3351 6528
5443 6529
2864 6530
1736 6531
2275 6532
4498 6533
1851 6534
1770 6535
2657 6536
6099 6537
2786 6538
5907 6539
5529 6540
4476 6541
3600 6542
5218 6543
1012 6544
2047 6545
3790 6546
5484 6547
382 6548
5708 6549
3521 6550
392 6551
447 6552
1887 6553
2135 6554
4491 6555
4113 6556
3198 6557
2451 6558
3259 6559
5324 6560
1726 6561
2742 6562
4707 6563
495 6564
6214 6565
2384 6566
3349 6567
4413 6568
2624 6569
2747 6570
1531 6571
6342 6572
2657 6573
5807 6574
253 6575
2537 6576
6038 6577
1183 6578
4382 6579
748 6580
4388 6581
998 6582
6522 6583
4967 6584
3244 6585
4458 6586
768 6587
4397 6588
4309 6589
4884 6590
403 6591
3857 6592
4040 6593
657 6594
164 6595
2824 6596
6406 6597
5245 6598
6342 6599
4532 6600
5856 6601
4071 6602
1049 6603
5793 6604
4299 6605
2947 6606
960 6607
1052 6608
1342 6609
3458 6610
3456 6611
6280 6612
3633 6613
6297 6614
4269 6615
4242 6616
6498 6617
3133 6618
5810 6619
5133 6620
3577 6621
721 6622
6598 6623
358 6624
3663 6625
5935 6626
5307 6627
565 6628
2468 6629
4413 6630
4474 6631
5745 6632
3205 6633
6564 6634
4051 6635
5661 6636
560 6637
5559 6638
1974 6639
1946 6640
3554 6641
2608 6642
3580 6643
3205 6644
4693 6645
2476 6646
3217 6647
4600 6648
5300 6649
2303 6650
5166 6651
6042 6652
3577 6653
4279 6654
5824 6655
1880 6656
102 6657
1345 6658
4036 6659
3928 6660
776 6661
91 6662
146 6663
2240 6664
3938 6665
4493 6666
1232 6667
3491 6668
3453 6669
3546 6670
5637 6671
6428 6672
877 6673
264 6674
3335 6675
6454 6676
309 6677
4901 6678
4711 6679
2651 6680
1655 6681
5295 6682
1435 6683
2045 6684
3192 6685
2698 6686
4176 6687
5417 6688
6464 6689
3121 6690
4308 6691
2614 6692
811 6693
144 6694
3727 6695
5579 6696
1453 6697
6595 6698
3988 6699
1479 6700
6439 6701
6291 6702
723 6703
2633 6704
6398 6705
5575 6706
6316 6707
5204 6708
2473 6709
2854 6710
4520 6711
6335 6712
6139 6713
1948 6714
4284 6715
3618 6716
718 6717
6079 6718
2120 6719
520 6720
1238 6721
2381 6722
5585 6723
5586 6724
6532 6725
5183 6726
2366 6727
1472 6728
5447 6729
3138 6730
2632 6731
4804 6732
1222 6733
5308 6734
5563 6735
1019 6736
891 6737
1588 6738
6679 6739
3808 6740
5174 6741
884 6742
5155 6743
4197 6744
3879 6745
6008 6746
6624 6747
3823 6748
5942 6749
5820 6750
5940 6751
1838 6752
6638 6753
3014 6754
4021 6755
6037 6756
6528 6757
5559 6758
3876 6759
2675 6760
6647 6761
4817 6762
34 6763
2314 6764
4626 6765
501 6766
6102 6767
1050 6768
2683 6769
1700 6770
5926 6771
899 6772
2245 6773
1076 6774
5860 6775
1431 6776
196 6777
3372 6778
2135 6779
5977 6780
3988 6781
5946 6782
6471 6783
452 6784
108 6785
301 6786
4384 6787
1488 6788
2863 6789
5230 6790
2416 6791
2202 6792
376 6793
3514 6794
2366 6795
4792 6796
2361 6797
6772 6798
944 6799
4149 6800
5335 6801
3134 6802
2949 6803
4621 6804
4957 6805
5017 6806
825 6807
5068 6808
5203 6809
3466 6810
4353 6811
1451 6812
3420 6813
3298 6814
2713 6815
1640 6816
6149 6817
4248 6818
1208 6819
2183 6820
4803 6821
6650 6822
1614 6823
5532 6824
1128 6825
2746 6826
2789 6827
1835 6828
3339 6829
1640 6830
4192 6831
3878 6832
3015 6833
350 6834
3657 6835
4495 6836
4020 6837
6277 6838
2147 6839
2419 6840
1372 6841
4898 6842
42 6843
5061 6844
6588 6845
5752 6846
130 6847
4532 6848
1964 6849
1393 6850
3163 6851
4345 6852
4897 6853
896 6854
3010 6855
2743 6856
5702 6857
705 6858
5560 6859
1113 6860
5334 6861
3675 6862
3827 6863
2475 6864
3780 6865
2093 6866
6295 6867
649 6868
691 6869
4663 6870
6212 6871
1384 6872
1331 6873
5249 6874
192 6875
1305 6876
4412 6877
5279 6878
6329 6879
2459 6880
3473 6881
3332 6882
685 6883
1852 6884
1482 6885
6300 6886
4637 6887
1227 6888
6175 6889
4270 6890
3506 6891
3587 6892
4422 6893
5693 6894
696 6895
2416 6896
4213 6897
5659 6898
5117 6899
6619 6900
3047 6901
3305 6902
4744 6903
2571 6904
5569 6905
3819 6906
3162 6907
2528 6908
407 6909
2903 6910
4344 6911
6343 6912
5948 6913
5377 6914
2881 6915
5909 6916
3913 6917
1909 6918
5522 6919
3984 6920
3342 6921
3388 6922
4230 6923
5849 6924
3159 6925
4918 6926
362 6927
1322 6928
5550 6929
488 6930
2347 6931
5136 6932
6354 6933
2629 6934
1668 6935
6348 6936
3036 6937
5259 6938
2680 6939
1247 6940
3270 6941
5898 6942
1243 6943
5342 6944
2799 6945
6721 6946
5987 6947
6647 6948
4808 6949
3089 6950
3962 6951
825 6952
6492 6953
3858 6954
5331 6955
4389 6956
1625 6957
2728 6958
835 6959
3290 6960
4369 6961
4662 6962
2886 6963
1668 6964
6916 6965
3517 6966
4720 6967
2518 6968
5676 6969
3170 6970
5535 6971
5670 6972
4144 6973
6509 6974
2121 6975
5729 6976
5732 6977
3387 6978
4272 6979
6250 6980
5403 6981
6715 6982
3315 6983
3854 6984
2891 6985
926 6986
6663 6987
6919 6988
5412 6989
3325 6990
3254 6991
1714 6992
272 6993
21 6994
4039 6995
1860 6996
1596 6997
2693 6998
5544 6999
1206 7000
2111 7001
981 7002
6385 7003
4315 7004
4765 7005
740 7006
3796 7007
6137 7008
5837 7009
3708 7010
182 7011
1985 7012
1026 7013
494 7014
5261 7015
792 7016
2060 7017
3941 7018
5236 7019
2774 7020
878 7021
3943 7022
3728 7023
5638 7024
4650 7025
4157 7026
1920 7027
5053 7028
3593 7029
3521 7030
4605 7031
6532 7032
5415 7033
3035 7034
5120 7035
6848 7036
2176 7037
4879 7038
4338 7039
5653 7040
2331 7041
1604 7042
2071 7043
1939 7044
796 7045
3438 7046
638 7047
4964 7048
2507 7049
1418 7050
4214 7051
3537 7052
2653 7053
152 7054
1906 7055
333 7056
2370 7057
4627 7058
2740 7059
650 7060
5618 7061
5827 7062
4819 7063
5515 7064
5501 7065
3879 7066
3246 7067
5729 7068
4463 7069
4415 7070
5331 7071
1893 7072
6403 7073
6849 7074
4182 7075
2709 7076
2820 7077
6488 7078
6695 7079
1093 7080
5474 7081
46 7082
302 7083
3608 7084
5601 7085
5515 7086
5507 7087
4607 7088
802 7089
627 7090
5987 7091
1203 7092
2474 7093
1036 7094
6168 7095
3550 7096
5501 7097
6959 7098
5987 7099
2574 7100
4950 7101
1706 7102
5670 7103
3259 7104
332 7105
2566 7106
78 7107
5702 7108
112 7109
6024 7110
5751 7111
6428 7112
20 7113
4914 7114
2999 7115
2565 7116
6723 7117
4372 7118
5059 7119
5591 7120
357 7121
5598 7122
1951 7123
4391 7124
5743 7125
518 7126
6706 7127
247 7128
3550 7129
4115 7130
3199 7131
4765 7132
3012 7133
5952 7134
4851 7135
5373 7136
7071 7137
4714 7138
4406 7139
3087 7140
4815 7141
5436 7142
2245 7143
6857 7144
4391 7145
1597 7146
290 7147
5141 7148
5610 7149
5270 7150
6487 7151
2182 7152
3619 7153
5242 7154
873 7155
2047 7156
6733 7157
6412 7158
4039 7159
625 7160
3987 7161
1040 7162
5757 7163
6248 7164
5194 7165
46 7166
3079 7167
3406 7168
3196 7169
1357 7170
5284 7171
4312 7172
5986 7173
4104 7174
1699 7175
6314 7176
899 7177
4029 7178
5720 7179
6581 7180
6224 7181
875 7182
6001 7183
1392 7184
3965 7185
1298 7186
6439 7187
3550 7188
3883 7189
1103 7190
2654 7191
2625 7192
1894 7193
3266 7194
5335 7195
5987 7196
636 7197
6028 7198
4301 7199
2623 7200
2236 7201
4538 7202
908 7203
4689 7204
5919 7205
3369 7206
2669 7207
4506 7208
5891 7209
3846 7210
4262 7211
3854 7212
2911 7213
4171 7214
5509 7215
3112 7216
2560 7217
1948 7218
304 7219
3972 7220
2004 7221
1933 7222
583 7223
959 7224
4926 7225
3844 7226
2542 7227
1419 7228
4265 7229
2864 7230
3844 7231
4029 7232
3561 7233
283 7234
2106 7235
4940 7236
4263 7237
7176 7238
4486 7239
3313 7240
5869 7241
3361 7242
452 7243
2962 7244
1384 7245
5375 7246
4571 7247
1166 7248
882 7249
2672 7250
6839 7251
2887 7252
3625 7253
1216 7254
5086 7255
5282 7256
6798 7257
4654 7258
6180 7259
6921 7260
6061 7261
5063 7262
1693 7263
4968 7264
6929 7265
2916 7266
2715 7267
5702 7268
1437 7269
6750 7270
1826 7271
1364 7272
2768 7273
354 7274
552 7275
6535 7276
6571 7277
362 7278
678 7279
5368 7280
3921 7281
4120 7282
2138 7283
4174 7284
6730 7285
1174 7286
3146 7287
5697 7288
3429 7289
616 7290
4082 7291
5146 7292
3838 7293
1802 7294
5924 7295
1204 7296
5395 7297
3209 7298
5976 7299
4289 7300
2379 7301
4550 7302
5275 7303
1420 7304
3295 7305
2692 7306
262 7307
833 7308
1859 7309
3906 7310
1934 7311
5771 7312
6270 7313
5357 7314
4273 7315
4610 7316
1893 7317
6048 7318
530 7319
1003 7320
2750 7321
6301 7322
3476 7323
359 7324
5292 7325
4004 7326
516 7327
7014 7328
7215 7329
2815 7330
4341 7331
979 7332
594 7333
5040 7334
3214 7335
6489 7336
2173 7337
4751 7338
1333 7339
4552 7340
3511 7341
179 7342
4262 7343
923 7344
3965 7345
701 7346
588 7347
1715 7348
5417 7349
5145 7350
6650 7351
2182 7352
6766 7353
6312 7354
4382 7355
2667 7356
338 7357
6969 7358
2853 7359
1192 7360
109 7361
2235 7362
5588 7363
5586 7364
3706 7365
3586 7366
929 7367
3029 7368
4931 7369
1737 7370
3103 7371
584 7372
1845 7373
2524 7374
177 7375
5845 7376
773 7377
3640 7378
2723 7379
158 7380
4872 7381
6584 7382
7364 7383
4260 7384
1562 7385
6512 7386
491 7387
472 7388
3855 7389
2518 7390
1104 7391
4717 7392
6240 7393
1778 7394
2039 7395
39 7396
2815 7397
6428 7398
4944 7399
4160 7400
1169 7401
2084 7402
5868 7403
7223 7404
2282 7405
2481 7406
2704 7407
5091 7408
3983 7409
4475 7410
3064 7411
2564 7412
5879 7413
3124 7414
723 7415
713 7416
3434 7417
3445 7418
1345 7419
3738 7420
5226 7421
1258 7422
3044 7423
2094 7424
7327 7425
2839 7426
4777 7427
3518 7428
6871 7429
7340 7430
3112 7431
6148 7432
3014 7433
4423 7434
2955 7435
5499 7436
3078 7437
6524 7438
7328 7439
6821 7440
326 7441
4062 7442
2113 7443
1443 7444
1766 7445
6084 7446
58 7447
6087 7448
683 7449
5067 7450
979 7451
4205 7452
1996 7453
6543 7454
3805 7455
5496 7456
2275 7457
1684 7458
2186 7459
2159 7460
4628 7461
3171 7462
4060 7463
5742 7464
1272 7465
1018 7466
4320 7467
4644 7468
3670 7469
831 7470
6117 7471
2458 7472
2704 7473
4473 7474
7030 7475
2781 7476
6252 7477
2606 7478
6070 7479
4759 7480
3734 7481
1174 7482
5274 7483
3720 7484
7463 7485
4126 7486
470 7487
3410 7488
6998 7489
225 7490
1537 7491
3185 7492
3077 7493
6161 7494
2614 7495
1500 7496
3591 7497
2828 7498
3655 7499
6876 7500
4001 7501
2631 7502
1559 7503
2918 7504
296 7505
1290 7506
51 7507
1191 7508
3853 7509
5451 7510
6785 7511
2969 7512
69 7513
6259 7514
4876 7515
3664 7516
5378 7517
5062 7518
4593 7519
2145 7520
2612 7521
5163 7522
3014 7523
5702 7524
4524 7525
2311 7526
494 7527
3543 7528
2576 7529
618 7530
3686 7531
743 7532
6454 7533
6642 7534
1007 7535
573 7536
3594 7537
3196 7538
6496 7539
3942 7540
7094 7541
814 7542
6682 7543
4242 7544
1373 7545
7048 7546
1435 7547
4515 7548
7348 7549
5978 7550
2220 7551
2835 7552
2177 7553
86 7554
4624 7555
1645 7556
3801 7557
5554 7558
5644 7559
5147 7560
1874 7561
7019 7562
766 7563
1883 7564
6533 7565
5906 7566
3029 7567
781 7568
4131 7569
4106 7570
7501 7571
315 7572
1068 7573
5570 7574
1248 7575
1820 7576
111 7577
676 7578
1293 7579
4092 7580
1924 7581
2066 7582
7288 7583
7024 7584
1606 7585
5193 7586
5817 7587
222 7588
3598 7589
6554 7590
6517 7591
1844 7592
4056 7593
4523 7594
7572 7595
2027 7596
2834 7597
5824 7598
6265 7599
4189 7600
3719 7601
7553 7602
5509 7603
1983 7604
6237 7605
5373 7606
5831 7607
6701 7608
4254 7609
3038 7610
2894 7611
6324 7612
3189 7613
3678 7614
7076 7615
6021 7616
5330 7617
4701 7618
2542 7619
3622 7620
2507 7621
138 7622
5582 7623
1673 7624
2333 7625
6301 7626
4664 7627
200 7628
3217 7629
4264 7630
6444 7631
7247 7632
4714 7633
2588 7634
7244 7635
2666 7636
7313 7637
6923 7638
5334 7639
1860 7640
4846 7641
5911 7642
2242 7643
6165 7644
2440 7645
4969 7646
3791 7647
4253 7648
4511 7649
5019 7650
3912 7651
227 7652
2321 7653
232 7654
7204 7655
4428 7656
365 7657
1437 7658
6302 7659
5673 7660
5418 7661
7510 7662
6723 7663
6978 7664
4549 7665
5434 7666
300 7667
1301 7668
7478 7669
5789 7670
6594 7671
2412 7672
2509 7673
4318 7674
738 7675
6268 7676
622 7677
2019 7678
4998 7679
4717 7680
3834 7681
4735 7682
3817 7683
7238 7684
4382 7685
5050 7686
2525 7687
3721 7688
5025 7689
5216 7690
2976 7691
4968 7692
1501 7693
1638 7694
3746 7695
6701 7696
4857 7697
2347 7698
247 7699
114 7700
3140 7701
3010 7702
562 7703
4421 7704
4061 7705
5042 7706
1397 7707
5364 7708
5472 7709
4302 7710
7618 7711
1835 7712
1171 7713
5639 7714
497 7715
7671 7716
2328 7717
6862 7718
3061 7719
3740 7720
3855 7721
5053 7722
1335 7723
4991 7724
6185 7725
2338 7726
4842 7727
1565 7728
4462 7729
3986 7730
402 7731
2448 7732
4102 7733
7617 7734
3129 7735
6300 7736
1508 7737
7367 7738
7114 7739
2599 7740
340 7741
3407 7742
6476 7743
4158 7744
2029 7745
4527 7746
3564 7747
6044 7748
4848 7749
1429 7750
1465 7751
967 7752
6374 7753
4680 7754
5362 7755
5628 7756
3120 7757
3858 7758
3216 7759
7513 7760
4826 7761
2367 7762
2308 7763
696 7764
2238 7765
437 7766
6225 7767
5753 7768
1676 7769
1377 7770
1614 7771
2895 7772
6617 7773
1234 7774
1858 7775
6878 7776
5921 7777
7191 7778
2847 7779
4458 7780
2685 7781
6591 7782
6464 7783
1024 7784
2039 7785
866 7786
1565 7787
3813 7788
1998 7789
1907 7790
3632 7791
6089 7792
6774 7793
3298 7794
4340 7795
3940 7796
3335 7797
6585 7798
2914 7799
894 7800
4036 7801
5072 7802
5789 7803
6948 7804
1295 7805
1460 7806
3275 7807
4644 7808
2159 7809
1766 7810
4499 7811
303 7812
7063 7813
7177 7814
5942 7815
5974 7816
1021 7817
5840 7818
3886 7819
4801 7820
3976 7821
1297 7822
3685 7823
7467 7824
1671 7825
3242 7826
550 7827
3014 7828
6640 7829
205 7830
375 7831
999 7832
1033 7833
2955 7834
6703 7835
5197 7836
431 7837
2616 7838
1448 7839
5292 7840
6540 7841
6054 7842
2933 7843
6455 7844
6394 7845
2913 7846
6999 7847
3907 7848
1158 7849
4287 7850
6745 7851
2438 7852
5673 7853
2423 7854
5147 7855
4681 7856
7184 7857
3466 7858
4546 7859
6526 7860
6301 7861
1030 7862
4048 7863
3933 7864
5387 7865
5895 7866
4184 7867
7056 7868
2862 7869
921 7870
3845 7871
3496 7872
2217 7873
1208 7874
6320 7875
1722 7876
2986 7877
3277 7878
4795 7879
5919 7880
4828 7881
6404 7882
4663 7883
2305 7884
7774 7885
4478 7886
5908 7887
3954 7888
3269 7889
5019 7890
2975 7891
4357 7892
257 7893
547 7894
5695 7895
303 7896
1011 7897
5810 7898
1222 7899
7546 7900
6437 7901
4149 7902
2222 7903
3443 7904
5655 7905
3216 7906
7677 7907
3832 7908
3692 7909
2469 7910
2736 7911
5085 7912
372 7913
4900 7914
558 7915
4075 7916
6060 7917
7294 7918
1795 7919
4776 7920
3040 7921
3033 7922
6974 7923
5952 7924
3219 7925
6723 7926
4174 7927
6529 7928
2891 7929
7080 7930
1151 7931
2260 7932
393 7933
4736 7934
4400 7935
228 7936
1794 7937
107 7938
6858 7939
2938 7940
1250 7941
3472 7942
1230 7943
4407 7944
491 7945
3524 7946
3628 7947
3217 7948
7230 7949
6474 7950
6892 7951
5980 7952
3123 7953
1541 7954
6913 7955
7859 7956
2538 7957
1403 7958
2431 7959
471 7960
1305 7961
1694 7962
6972 7963
2969 7964
6749 7965
3313 7966
5261 7967
3553 7968
230 7969
6085 7970
1611 7971
1572 7972
5474 7973
7780 7974
7391 7975
6319 7976
355 7977
3904 7978
5380 7979
5986 7980
4242 7981
5624 7982
5747 7983
1013 7984
3130 7985
4486 7986
474 7987
4284 7988
7642 7989
1183 7990
3539 7991
6945 7992
7194 7993
2938 7994
7497 7995
3094 7996
3346 7997
3371 7998
901 7999
1758 8000
