96 2
88 2
58 2
87 2
99 2
60 2
27 2
13 2
31 2
96 2
9 2
59 2
3 2
71 2
18 2
38 2
9 2
66 2
56 2
82 2
24 2
40 2
100 2
39 2
94 2
12 2
86 2
51 2
53 2
1 2
35 2
82 2
14 2
56 2
19 2
65 2
58 2
2 2
3 2
25 2
34 2
68 2
21 2
26 2
59 2
53 2
73 2
36 2
51 2
15 2
20 2
17 2
52 2
42 2
44 2
58 2
65 2
22 2
57 2
39 2
98 2
57 2
9 2
69 2
31 2
5 2
14 2
10 2
2 2
7 2
39 2
71 2
55 2
25 2
87 2
4 2
59 2
90 2
39 2
69 2
9 2
27 2
53 2
25 2
42 2
63 2
21 2
85 2
68 2
10 2
3 2
18 2
95 2
83 2
72 2
28 2
60 2
87 2
16 2
57 2
73 2
1 1
60 2
53 2
8 2
59 2
72 2
48 2
84 2
94 2
73 2
38 2
6 2
97 2
45 2
22 2
63 2
41 2
12 2
26 2
23 2
8 2
44 2
46 2
8 2
14 2
37 2
10 2
10 2
47 2
100 2
5 2
29 2
91 2
29 2
21 2
45 2
25 2
3 2
32 2
19 2
76 2
64 2
19 2
4 2
71 2
73 2
55 2
8 2
36 2
30 2
23 2
13 2
35 2
3 2
19 2
12 2
1 2
30 2
13 2
8 2
96 2
27 2
87 2
57 2
91 2
15 2
70 2
38 2
78 2
37 2
37 2
49 2
2 2
82 2
21 2
18 2
55 2
80 2
40 2
100 2
17 2
55 2
3 2
40 2
36 2
17 2
95 2
55 2
47 2
9 2
21 2
4 2
80 2
13 2
75 2
17 2
58 2
44 2
76 2
83 2
52 2
16 2
11 2
84 2
98 2
12 2
21 2
13 2
96 2
52 2
67 2
92 2
50 2
56 2
100 2
42 2
58 2
71 2
16 2
1 1
73 2
32 2
1 2
9 2
92 2
75 2
21 2
26 2
81 2
75 2
57 2
68 2
96 2
47 2
6 2
11 2
20 2
69 2
74 2
13 2
44 2
78 2
46 2
28 2
94 2
41 2
7 2
46 2
45 2
74 2
20 2
30 2
8 2
61 2
38 2
58 2
26 2
51 2
76 2
39 2
68 2
50 2
51 2
58 2
29 2
35 2
8 2
55 2
100 2
56 2
60 2
37 2
5 2
23 2
51 2
100 2
27 2
76 2
23 2
11 2
4 2
54 2
17 2
74 2
9 2
46 2
34 2
48 2
32 2
97 2
79 2
59 2
5 2
94 2
7 2
33 2
55 2
18 2
42 2
89 2
97 2
51 2
22 2
58 2
23 2
24 2
96 2
34 2
39 2
36 2
52 2
55 2
48 2
49 2
96 2
78 2
8 2
30 2
39 2
78 2
86 2
92 2
88 2
10 2
97 2
56 2
29 2
2 2
94 2
74 2
17 2
91 2
43 2
44 2
84 2
56 2
8 2
85 2
98 2
36 2
43 2
12 2
52 2
93 2
12 2
34 2
43 2
55 2
89 2
82 2
38 2
100 2
96 2
11 2
49 2
71 2
34 2
58 2
48 2
66 2
33 2
23 2
91 2
84 2
32 2
72 2
96 2
75 2
86 2
94 2
34 2
15 2
37 2
46 2
38 2
11 2
60 2
42 2
2 2
78 2
93 2
75 2
25 2
91 2
77 2
11 2
52 2
8 2
19 2
98 2
35 2
13 2
57 2
85 2
68 2
47 2
23 2
86 2
4 2
76 2
12 2
50 2
44 2
26 2
16 2
84 2
70 2
91 2
53 2
72 2
99 2
83 2
40 2
11 2
18 2
77 2
83 2
6 2
1 1
54 2
6 2
17 2
50 2
21 2
28 2
28 2
19 2
96 2
94 2
11 2
61 2
20 2
96 2
23 2
12 2
45 2
22 2
75 2
67 2
41 2
83 2
58 2
88 2
21 2
24 2
28 2
34 2
13 2
13 2
4 2
23 2
32 2
59 2
62 2
14 2
63 2
59 2
27 2
39 2
6 2
38 2
80 2
16 2
66 2
19 2
91 2
91 2
52 2
54 2
82 2
30 2
70 2
17 2
99 2
39 2
65 2
39 2
10 2
55 2
96 2
68 2
88 2
45 2
62 2
22 2
57 2
67 2
84 2
40 2
8 2
81 2
87 2
57 2
41 2
20 2
85 2
5 2
57 2
39 2
54 2
33 2
8 2
16 2
74 2
79 2
65 2
8 2
75 2
99 2
95 2
60 2
87 2
22 2
76 2
26 2
48 2
91 2
53 2
89 2
94 2
18 2
67 2
41 2
42 2
41 2
47 2
71 2
66 2
90 2
93 2
84 2
30 2
11 2
58 2
90 2
2 2
81 2
3 2
10 2
19 2
74 2
43 2
35 2
99 2
40 2
29 2
42 2
11 2
29 2
4 2
83 2
68 2
14 2
77 2
20 2
11 2
54 2
100 2
54 2
35 2
4 2
31 2
81 2
68 2
86 2
66 2
22 2
59 2
44 2
76 2
78 2
43 2
60 2
62 2
55 2
90 2
77 2
16 2
63 2
47 2
70 2
17 2
28 2
93 2
57 2
79 2
71 2
97 2
49 2
51 2
71 2
87 2
87 2
61 2
31 2
39 2
36 2
86 2
41 2
54 2
29 2
25 2
35 2
43 2
50 2
25 2
3 2
55 2
21 2
80 2
77 2
62 2
96 2
65 2
74 2
2 2
23 2
11 2
40 2
71 2
42 2
25 2
84 2
82 2
64 2
45 2
70 2
83 2
5 2
49 2
34 2
100 2
23 2
48 2
76 2
7 2
79 2
66 2
5 2
17 2
46 2
39 2
66 2
3 2
98 2
64 2
65 2
52 2
30 2
94 2
16 2
50 2
92 2
13 2
31 2
75 2
75 2
46 2
13 2
79 2
64 2
57 2
5 2
76 2
24 2
80 2
94 2
9 2
19 2
90 2
82 2
100 2
97 2
73 2
26 2
1 2
90 2
33 2
20 2
4 2
70 2
13 2
72 2
29 2
50 2
49 2
100 2
4 2
15 2
85 2
29 2
8 2
42 2
91 2
33 2
39 2
15 2
41 2
30 2
17 2
40 2
24 2
29 2
49 2
79 2
45 2
90 2
74 2
9 2
76 2
59 2
71 2
81 2
14 2
16 2
36 2
90 2
32 2
10 2
81 2
58 2
84 2
38 2
80 2
35 2
94 2
9 2
1 2
47 2
19 2
15 2
72 2
93 2
93 2
25 2
2 2
85 2
61 2
13 2
52 2
30 2
42 2
16 2
77 2
37 2
40 2
80 2
66 2
9 2
48 2
63 2
94 2
52 2
92 2
12 2
4 2
77 2
17 2
30 2
58 2
51 2
23 2
78 2
75 2
15 2
42 2
95 2
56 2
82 2
1 2
20 2
76 2
86 2
61 2
27 2
87 2
76 2
54 2
77 2
57 2
97 2
12 2
85 2
64 2
34 2
76 2
25 2
16 2
86 2
61 2
1 1
79 2
10 2
33 2
41 2
71 2
66 2
23 2
18 2
