11 241920
9 28800
9 172800
9 80640
10 82944
9 22680
10 75264
12 518400
10 100800
9 11520
9 207360
10 54000
10 28000
8 12960
10 933120
10 103680
9 18432
10 193536
9 64800
9 32256
9 69120
10 576000
9 100800
11 1296000
11 331776
10 129600
10 86400
11 63000
12 907200
9 60480
9 67200
9 50400
12 497664
9 46080
11 9878400
10 82320
11 960000
12 746496
8 30240
9 129600
10 121500
9 32400
10 48000
9 69120
10 345600
9 12960
9 288000
9 43008
10 115200
9 96768
8 43200
9 190512
10 14400
9 141120
9 38880
10 51840
8 28350
8 61440
10 210000
10 2940000
9 100800
10 184320
9 28800
9 96768
10 725760
10 64800
9 210000
9 30240
9 216000
9 80640
9 134400
9 36288
10 201600
9 21600
10 188160
12 3686400
9 80640
9 288000
10 115200
9 67200
10 72000
8 13824
10 136080
9 184320
10 90720
10 90720
11 1728000
9 20736
10 378000
9 45360
9 13440
9 57600
10 336000
11 483840
9 117600
9 207360
9 108000
10 90000
9 33600
10 221184
10 70560
10 28224
10 432000
10 45360
10 46080
9 52920
10 518400
8 46080
10 725760
9 94080
9 107520
8 67200
8 14580
8 34560
9 252000
11 460800
9 40320
11 151200
9 27000
10 56448
11 55296
11 153600
10 138240
11 691200
9 52920
10 120960
10 32400
10 86400
8 9000
9 63000
10 472500
10 57600
9 55296
9 80640
8 40500
10 162000
9 43200
10 504000
11 691200
9 69120
9 362880
9 51840
9 110592
9 277200
10 388800
11 432000
8 21600
9 89600
10 288000
9 135000
8 18000
10 216000
11 432000
8 40320
10 440000
9 64800
9 40320
9 192000
10 1451520
9 25200
9 135000
10 65856
8 22680
11 207360
10 201600
10 32400
10 156800
10 276480
10 138240
10 53760
10 1176000
10 84000
9 129600
10 90720
8 40320
10 72000
10 129024
9 103680
11 320000
11 884736
9 36288
9 147000
9 168000
10 907200
10 24576
9 7840
9 81648
9 34560
9 70560
8 47040
10 387072
10 45360
10 225792
11 134400
10 81920
9 254016
11 230400
9 17920
9 22680
10 72576
8 83200
9 38400
9 75600
12 588000
10 414720
9 46080
10 138240
9 19200
9 23040
9 120960
9 134400
10 810000
10 737280
9 26400
9 27000
9 129600
9 112896
9 44800
10 21600
11 846720
11 168000
10 57600
11 230400
11 840000
9 62208
8 10500
9 24000
11 1075200
11 3628800
9 21600
11 774144
9 38016
10 36288
9 33600
11 3136000
11 2520000
9 44800
10 158400
9 41472
10 136080
9 33600
9 13824
9 53760
10 720000
11 288000
9 34560
9 58800
9 64800
10 155520
10 311040
10 576000
9 108000
9 22680
9 181440
10 699840
10 60480
11 336000
10 248832
10 276480
8 151200
8 23520
9 126000
9 62208
9 37632
9 51200
9 50400
11 345600
8 35840
10 66150
9 241920
11 155520
9 362880
9 36000
10 72000
8 86400
9 37800
10 120960
8 20160
9 23520
9 69120
8 9408
10 36000
11 211680
8 48384
9 25200
10 50400
10 276480
10 86400
8 26880
12 432000
10 40320
9 172800
9 141120
9 94080
12 240000
10 17280
10 540672
10 259200
9 36000
10 64512
12 360000
9 75264
8 24192
11 248832
9 47040
9 38400
9 42336
10 252000
11 27648
9 141120
10 100800
9 77760
8 43200
9 92610
10 233280
10 96000
9 92160
10 82944
10 806400
9 43200
9 77760
10 107520
10 138240
10 245760
10 403200
10 1120000
9 403200
8 14112
10 129600
9 115200
9 16800
8 34560
9 37800
9 80640
11 184320
9 161280
13 1032192
12 2150400
9 25200
8 18144
10 235200
9 44800
9 100800
10 124416
10 80000
11 1728000
8 78400
11 4233600
10 756000
9 40320
9 32400
9 60480
10 933120
9 126000
9 38400
9 103680
10 51840
8 50400
9 51840
9 188160
9 17280
9 15360
11 518400
9 27000
9 77760
10 151200
9 39200
8 23040
9 62500
9 90720
9 129600
10 92160
9 352800
10 806400
10 26880
10 420000
8 33000
10 345600
9 40320
9 276480
9 30240
11 388800
10 136080
9 117600
9 26880
11 207360
9 54000
12 2520000
10 201600
10 45360
9 192000
9 60750
10 38880
9 30240
10 311040
10 224000
11 288000
10 230400
11 62208
0 0
9 17280
9 38400
9 378000
10 226800
9 151200
9 26880
11 155520
9 34560
9 56448
8 90720
10 76800
10 11520
10 100800
10 112000
10 181440
9 37800
11 1470000
10 172800
10 241920
9 77760
10 181440
10 41472
10 161280
9 32256
10 5600
10 46080
11 168000
10 165888
11 89600
10 69120
10 205800
10 552960
10 108000
11 155520
10 172800
11 86400
10 486000
9 151200
10 21600
9 41472
11 145152
9 103680
10 180000
9 129600
10 276480
10 37800
9 235200
9 123480
10 61440
8 12600
9 72000
10 163296
10 51200
11 1200000
8 29568
10 151200
11 216000
10 57600
9 72000
11 241920
8 17280
9 80640
10 193536
9 100800
10 78400
9 100800
10 46080
9 88200
9 35280
11 48000
11 432000
10 680400
9 108000
11 288000
10 129024
11 172800
9 8100
10 41472
9 86400
9 76800
10 62208
11 907200
11 380160
9 35280
10 30240
10 172800
9 153600
12 580608
11 806400
10 72000
10 129024
10 103680
9 34560
8 32400
9 135000
10 80640
11 516096
9 55296
9 37632
10 282240
10 92160
10 189000
11 181440
10 145152
10 241920
9 31360
9 17280
10 43200
11 221184
9 10500
9 41472
9 18144
9 30720
9 20160
9 42336
10 192000
10 28800
10 241920
10 63504
10 483840
9 97200
10 583200
9 155520
11 288000
10 207360
10 46080
9 138240
8 25920
9 31360
10 87480
9 23040
9 57600
8 72000
9 60480
10 72576
9 48000
11 504000
11 54000
9 150528
8 90720
9 26880
11 259200
12 777600
10 51840
10 544320
11 184320
10 622080
10 252000
10 67200
10 129600
10 201600
9 33600
10 215040
12 774144
10 63000
10 207360
9 115200
9 86400
10 161280
8 19600
10 1058400
9 86400
9 24300
11 144000
9 34560
10 33600
9 82320
10 43200
9 226800
10 161280
10 124416
10 302400
11 70560
9 64512
10 329280
9 54880
10 36864
9 103680
7 20160
10 79380
9 70560
11 324000
10 155520
10 28800
9 33600
11 403200
10 506880
11 96768
9 193536
8 75600
9 35280
9 254016
10 162000
10 252000
9 37800
9 86016
9 72000
9 120960
11 345600
9 28800
9 120960
9 77760
9 31104
10 604800
9 193536
11 254016
12 1317120
11 48000
10 55296
10 12800
10 252000
10 2721600
10 241920
12 153600
10 331776
7 20160
10 127008
11 340200
10 115200
9 168000
9 7560
9 23328
10 201600
10 226800
8 25920
11 537600
8 12800
8 26460
10 138240
10 72576
10 201600
11 151200
10 387072
12 3528000
9 688128
9 216000
9 112896
9 127008
11 53760
10 126000
12 737280
9 24192
10 756000
10 81000
9 40320
9 14400
11 604800
10 207360
9 145152
10 155520
9 120960
10 504000
11 136080
9 65856
10 90000
10 241920
9 61440
9 28800
10 268800
12 7257600
10 201600
12 129024
9 48000
10 201600
10 86400
10 663552
9 89600
9 7168
9 82944
11 215040
11 34560
9 138240
8 33600
10 216000
9 34560
11 345600
10 120960
9 41472
11 921600
8 72000
12 486000
9 48384
11 504000
11 907200
10 126000
11 181440
10 554400
11 1984500
12 3200000
9 41472
9 75264
11 1344000
8 9504
9 36000
9 18900
10 301056
9 21600
9 35840
9 42336
11 270336
9 60480
8 34560
11 201600
8 23040
11 201600
9 19440
10 529200
10 33600
8 57600
9 54000
11 311040
9 53760
10 70560
9 138240
11 168000
10 108864
9 47040
10 77760
8 20250
10 72000
12 125440
11 80640
10 180000
10 128000
8 110880
10 276480
9 64800
9 100800
9 259200
10 483840
9 37632
12 432000
12 302400
10 32400
10 100800
11 180000
10 60480
9 336000
9 31104
10 102400
9 65856
9 103680
10 432000
9 48384
10 580608
8 16128
11 84672
10 86016
9 15120
9 21600
12 161280
9 48600
9 93312
11 62208
10 240000
11 172800
9 43200
10 75600
10 169344
7 7168
9 221184
9 77760
11 725760
10 75600
11 322560
9 362880
11 331776
7 31360
8 13440
9 23040
10 56000
11 491520
11 153600
9 54000
11 691200
10 69120
10 138240
11 460800
9 86400
10 324000
11 453600
9 241920
10 80640
12 774144
10 172800
9 120960
8 103680
10 301056
9 8064
10 50400
9 13500
10 60480
12 230400
11 120960
8 54000
9 45000
10 116640
10 200000
9 48000
8 17920
